NS 1
ROOT 6551
UHF -7,+6,-9,-1
LHF +0,+0,-7,-2
PHF -9,+1,+3,-3

ROOT 3397
UHF -7,+6,-9,-1
LHF +0,+0,-7,-2
PHF -9,+1,+3,-3

ROOT 2669
UHF -7,+6,-9,-1
LHF +0,+0,-7,-2
PHF -9,+1,+3,-3

ROOT 8944
UHF -7,+6,-9,-1
LHF +0,+0,-7,-2
PHF -9,+1,+3,-3

ROOT 4514
UHF -7,+6,-9,-1
LHF +0,+0,-7,-2
PHF -9,+1,+3,-3

ROOT 3443
UHF -7,+6,-9,-1
LHF +0,+0,-7,-2
PHF -9,+1,+3,-3

ROOT 6085
UHF -7,+6,-9,-1
LHF +0,+0,-7,-2
PHF -9,+1,+3,-3

ROOT 0915
UHF -7,+6,-9,-1
LHF +0,+0,-7,-2
PHF -9,+1,+3,-3

ROOT 8675
UHF -7,+6,-9,-1
LHF +0,+0,-7,-2
PHF -9,+1,+3,-3

ROOT 3051
UHF -7,+6,-9,-1
LHF +0,+0,-7,-2
PHF -9,+1,+3,-3

ROOT 2062
UHF -7,+6,-9,-1
LHF +0,+0,-7,-2
PHF -9,+1,+3,-3

ROOT 4199
UHF -7,+6,-9,-1
LHF +0,+0,-7,-2
PHF -9,+1,+3,-3

ROOT 8866
UHF -7,+6,-9,-1
LHF +0,+0,-7,-2
PHF -9,+1,+3,-3

ROOT 5354
UHF -7,+6,-9,-1
LHF +0,+0,-7,-2
PHF -9,+1,+3,-3

ROOT 0270
UHF -7,+6,-9,-1
LHF +0,+0,-7,-2
PHF -9,+1,+3,-3

ROOT 7029
UHF -7,+6,-9,-1
LHF +0,+0,-7,-2
PHF -9,+1,+3,-3

ROOT 2455
UHF -7,+6,-9,-1
LHF +0,+0,-7,-2
PHF -9,+1,+3,-3

ROOT 6972
UHF -7,+6,-9,-1
LHF +0,+0,-7,-2
PHF -9,+1,+3,-3

ROOT 4217
UHF -7,+6,-9,-1
LHF +0,+0,-7,-2
PHF -9,+1,+3,-3

ROOT 6788
UHF -7,+6,-9,-1
LHF +0,+0,-7,-2
PHF -9,+1,+3,-3

ROOT 0135
UHF -7,+6,-9,-1
LHF +0,+0,-7,-2
PHF -9,+1,+3,-3

ROOT 9430
UHF -7,+6,-9,-1
LHF +0,+0,-7,-2
PHF -9,+1,+3,-3

ROOT 6775
UHF -7,+6,-9,-1
LHF +0,+0,-7,-2
PHF -9,+1,+3,-3

ROOT 5779
UHF -7,+6,-9,-1
LHF +0,+0,-7,-2
PHF -9,+1,+3,-3

ROOT 1709
UHF -7,+6,-9,-1
LHF +0,+0,-7,-2
PHF -9,+1,+3,-3

ROOT 6130
UHF -7,+6,-9,-1
LHF +0,+0,-7,-2
PHF -9,+1,+3,-3

ROOT 6850
UHF -7,+6,-9,-1
LHF +0,+0,-7,-2
PHF -9,+1,+3,-3

ROOT 4613
UHF -7,+6,-9,-1
LHF +0,+0,-7,-2
PHF -9,+1,+3,-3

ROOT 9006
UHF -7,+6,-9,-1
LHF +0,+0,-7,-2
PHF -9,+1,+3,-3

ROOT 2209
UHF -7,+6,-9,-1
LHF +0,+0,-7,-2
PHF -9,+1,+3,-3

ROOT 7649
UHF -7,+6,-9,-1
LHF +0,+0,-7,-2
PHF -9,+1,+3,-3

ROOT 9843
UHF -7,+6,-9,-1
LHF +0,+0,-7,-2
PHF -9,+1,+3,-3

ROOT 3424
UHF -7,+6,-9,-1
LHF +0,+0,-7,-2
PHF -9,+1,+3,-3

ROOT 6050
UHF -7,+6,-9,-1
LHF +0,+0,-7,-2
PHF -9,+1,+3,-3

ROOT 1062
UHF -7,+6,-9,-1
LHF +0,+0,-7,-2
PHF -9,+1,+3,-3

ROOT 2095
UHF -7,+6,-9,-1
LHF +0,+0,-7,-2
PHF -9,+1,+3,-3

ROOT 9988
UHF -7,+6,-9,-1
LHF +0,+0,-7,-2
PHF -9,+1,+3,-3

ROOT 8601
UHF -7,+6,-9,-1
LHF +0,+0,-7,-2
PHF -9,+1,+3,-3

ROOT 4830
UHF -7,+6,-9,-1
LHF +0,+0,-7,-2
PHF -9,+1,+3,-3

ROOT 0073
UHF -7,+6,-9,-1
LHF +0,+0,-7,-2
PHF -9,+1,+3,-3

ROOT 4025
UHF -7,+6,-9,-1
LHF +0,+0,-7,-2
PHF -9,+1,+3,-3

ROOT 3932
UHF -7,+6,-9,-1
LHF +0,+0,-7,-2
PHF -9,+1,+3,-3

ROOT 1039
UHF -7,+6,-9,-1
LHF +0,+0,-7,-2
PHF -9,+1,+3,-3

ROOT 0147
UHF -7,+6,-9,-1
LHF +0,+0,-7,-2
PHF -9,+1,+3,-3

ROOT 0490
UHF -7,+6,-9,-1
LHF +0,+0,-7,-2
PHF -9,+1,+3,-3

ROOT 8138
UHF -7,+6,-9,-1
LHF +0,+0,-7,-2
PHF -9,+1,+3,-3

ROOT 2116
UHF -7,+6,-9,-1
LHF +0,+0,-7,-2
PHF -9,+1,+3,-3

ROOT 4972
UHF -7,+6,-9,-1
LHF +0,+0,-7,-2
PHF -9,+1,+3,-3

ROOT 5916
UHF -7,+6,-9,-1
LHF +0,+0,-7,-2
PHF -9,+1,+3,-3

ROOT 0780
UHF -7,+6,-9,-1
LHF +0,+0,-7,-2
PHF -9,+1,+3,-3

ROOT 1451
UHF -7,+6,-9,-1
LHF +0,+0,-7,-2
PHF -9,+1,+3,-3

ROOT 5309
UHF -7,+6,-9,-1
LHF +0,+0,-7,-2
PHF -9,+1,+3,-3

ROOT 2376
UHF -7,+6,-9,-1
LHF +0,+0,-7,-2
PHF -9,+1,+3,-3

ROOT 8765
UHF -7,+6,-9,-1
LHF +0,+0,-7,-2
PHF -9,+1,+3,-3

ROOT 0964
UHF -7,+6,-9,-1
LHF +0,+0,-7,-2
PHF -9,+1,+3,-3

ROOT 0902
UHF -7,+6,-9,-1
LHF +0,+0,-7,-2
PHF -9,+1,+3,-3

ROOT 0011
UHF -7,+6,-9,-1
LHF +0,+0,-7,-2
PHF -9,+1,+3,-3

ROOT 8645
UHF -7,+6,-9,-1
LHF +0,+0,-7,-2
PHF -9,+1,+3,-3

ROOT 5787
UHF -7,+6,-9,-1
LHF +0,+0,-7,-2
PHF -9,+1,+3,-3

ROOT 4149
UHF -7,+6,-9,-1
LHF +0,+0,-7,-2
PHF -9,+1,+3,-3

ROOT 9444
UHF -7,+6,-9,-1
LHF +0,+0,-7,-2
PHF -9,+1,+3,-3

ROOT 9470
UHF -7,+6,-9,-1
LHF +0,+0,-7,-2
PHF -9,+1,+3,-3

ROOT 2910
UHF -7,+6,-9,-1
LHF +0,+0,-7,-2
PHF -9,+1,+3,-3

ROOT 6043
UHF -7,+6,-9,-1
LHF +0,+0,-7,-2
PHF -9,+1,+3,-3

ROOT 6640
UHF -7,+6,-9,-1
LHF +0,+0,-7,-2
PHF -9,+1,+3,-3

ROOT 6972
UHF -7,+6,-9,-1
LHF +0,+0,-7,-2
PHF -9,+1,+3,-3

ROOT 7017
UHF -7,+6,-9,-1
LHF +0,+0,-7,-2
PHF -9,+1,+3,-3

ROOT 6307
UHF -7,+6,-9,-1
LHF +0,+0,-7,-2
PHF -9,+1,+3,-3

ROOT 4582
UHF -7,+6,-9,-1
LHF +0,+0,-7,-2
PHF -9,+1,+3,-3

ROOT 3409
UHF -7,+6,-9,-1
LHF +0,+0,-7,-2
PHF -9,+1,+3,-3

ROOT 5844
UHF -7,+6,-9,-1
LHF +0,+0,-7,-2
PHF -9,+1,+3,-3

ROOT 5133
UHF -7,+6,-9,-1
LHF +0,+0,-7,-2
PHF -9,+1,+3,-3

ROOT 6752
UHF -7,+6,-9,-1
LHF +0,+0,-7,-2
PHF -9,+1,+3,-3

ROOT 9353
UHF -7,+6,-9,-1
LHF +0,+0,-7,-2
PHF -9,+1,+3,-3

ROOT 5627
UHF -7,+6,-9,-1
LHF +0,+0,-7,-2
PHF -9,+1,+3,-3

ROOT 2128
UHF -7,+6,-9,-1
LHF +0,+0,-7,-2
PHF -9,+1,+3,-3

ROOT 0005
UHF -7,+6,-9,-1
LHF +0,+0,-7,-2
PHF -9,+1,+3,-3

ROOT 5755
UHF -7,+6,-9,-1
LHF +0,+0,-7,-2
PHF -9,+1,+3,-3

ROOT 9914
UHF -7,+6,-9,-1
LHF +0,+0,-7,-2
PHF -9,+1,+3,-3

ROOT 3397
UHF -7,+6,-9,-1
LHF +0,+0,-7,-2
PHF -9,+1,+3,-3

ROOT 3699
UHF -7,+6,-9,-1
LHF +0,+0,-7,-2
PHF -9,+1,+3,-3

ROOT 3164
UHF -7,+6,-9,-1
LHF +0,+0,-7,-2
PHF -9,+1,+3,-3

ROOT 6570
UHF -7,+6,-9,-1
LHF +0,+0,-7,-2
PHF -9,+1,+3,-3

ROOT 0843
UHF -7,+6,-9,-1
LHF +0,+0,-7,-2
PHF -9,+1,+3,-3

ROOT 2752
UHF -7,+6,-9,-1
LHF +0,+0,-7,-2
PHF -9,+1,+3,-3

ROOT 0106
UHF -7,+6,-9,-1
LHF +0,+0,-7,-2
PHF -9,+1,+3,-3

ROOT 2563
UHF -7,+6,-9,-1
LHF +0,+0,-7,-2
PHF -9,+1,+3,-3

ROOT 7222
UHF -7,+6,-9,-1
LHF +0,+0,-7,-2
PHF -9,+1,+3,-3

ROOT 0863
UHF -7,+6,-9,-1
LHF +0,+0,-7,-2
PHF -9,+1,+3,-3

ROOT 7928
UHF -7,+6,-9,-1
LHF +0,+0,-7,-2
PHF -9,+1,+3,-3

ROOT 2346
UHF -7,+6,-9,-1
LHF +0,+0,-7,-2
PHF -9,+1,+3,-3

ROOT 2141
UHF -7,+6,-9,-1
LHF +0,+0,-7,-2
PHF -9,+1,+3,-3

ROOT 8075
UHF -7,+6,-9,-1
LHF +0,+0,-7,-2
PHF -9,+1,+3,-3

ROOT 0679
UHF -7,+6,-9,-1
LHF +0,+0,-7,-2
PHF -9,+1,+3,-3

ROOT 9477
UHF -7,+6,-9,-1
LHF +0,+0,-7,-2
PHF -9,+1,+3,-3

ROOT 6768
UHF -7,+6,-9,-1
LHF +0,+0,-7,-2
PHF -9,+1,+3,-3

ROOT 0955
UHF -7,+6,-9,-1
LHF +0,+0,-7,-2
PHF -9,+1,+3,-3

ROOT 8711
UHF -7,+6,-9,-1
LHF +0,+0,-7,-2
PHF -9,+1,+3,-3

ROOT 7515
UHF -7,+6,-9,-1
LHF +0,+0,-7,-2
PHF -9,+1,+3,-3

ROOT 1813
UHF -7,+6,-9,-1
LHF +0,+0,-7,-2
PHF -9,+1,+3,-3

ROOT 9576
UHF -7,+6,-9,-1
LHF +0,+0,-7,-2
PHF -9,+1,+3,-3

ROOT 6064
UHF -7,+6,-9,-1
LHF +0,+0,-7,-2
PHF -9,+1,+3,-3

ROOT 9402
UHF -7,+6,-9,-1
LHF +0,+0,-7,-2
PHF -9,+1,+3,-3

ROOT 3159
UHF -7,+6,-9,-1
LHF +0,+0,-7,-2
PHF -9,+1,+3,-3

ROOT 2188
UHF -7,+6,-9,-1
LHF +0,+0,-7,-2
PHF -9,+1,+3,-3

ROOT 3095
UHF -7,+6,-9,-1
LHF +0,+0,-7,-2
PHF -9,+1,+3,-3

ROOT 7848
UHF -7,+6,-9,-1
LHF +0,+0,-7,-2
PHF -9,+1,+3,-3

ROOT 7529
UHF -7,+6,-9,-1
LHF +0,+0,-7,-2
PHF -9,+1,+3,-3

ROOT 8517
UHF -7,+6,-9,-1
LHF +0,+0,-7,-2
PHF -9,+1,+3,-3

ROOT 2965
UHF -7,+6,-9,-1
LHF +0,+0,-7,-2
PHF -9,+1,+3,-3

ROOT 4874
UHF -7,+6,-9,-1
LHF +0,+0,-7,-2
PHF -9,+1,+3,-3

ROOT 3253
UHF -7,+6,-9,-1
LHF +0,+0,-7,-2
PHF -9,+1,+3,-3

ROOT 6732
UHF -7,+6,-9,-1
LHF +0,+0,-7,-2
PHF -9,+1,+3,-3

ROOT 9538
UHF -7,+6,-9,-1
LHF +0,+0,-7,-2
PHF -9,+1,+3,-3

ROOT 1725
UHF -7,+6,-9,-1
LHF +0,+0,-7,-2
PHF -9,+1,+3,-3

ROOT 7757
UHF -7,+6,-9,-1
LHF +0,+0,-7,-2
PHF -9,+1,+3,-3

ROOT 6911
UHF -7,+6,-9,-1
LHF +0,+0,-7,-2
PHF -9,+1,+3,-3

ROOT 5291
UHF -7,+6,-9,-1
LHF +0,+0,-7,-2
PHF -9,+1,+3,-3

ROOT 0179
UHF -7,+6,-9,-1
LHF +0,+0,-7,-2
PHF -9,+1,+3,-3

ROOT 2339
UHF -7,+6,-9,-1
LHF +0,+0,-7,-2
PHF -9,+1,+3,-3

ROOT 3401
UHF -7,+6,-9,-1
LHF +0,+0,-7,-2
PHF -9,+1,+3,-3

ROOT 9633
UHF -7,+6,-9,-1
LHF +0,+0,-7,-2
PHF -9,+1,+3,-3

ROOT 3219
UHF -7,+6,-9,-1
LHF +0,+0,-7,-2
PHF -9,+1,+3,-3

ROOT 2958
UHF -7,+6,-9,-1
LHF +0,+0,-7,-2
PHF -9,+1,+3,-3

ROOT 6210
UHF -7,+6,-9,-1
LHF +0,+0,-7,-2
PHF -9,+1,+3,-3

ROOT 7858
UHF -7,+6,-9,-1
LHF +0,+0,-7,-2
PHF -9,+1,+3,-3

ROOT 8444
UHF -7,+6,-9,-1
LHF +0,+0,-7,-2
PHF -9,+1,+3,-3

ROOT 9075
UHF -7,+6,-9,-1
LHF +0,+0,-7,-2
PHF -9,+1,+3,-3

ROOT 8911
UHF -7,+6,-9,-1
LHF +0,+0,-7,-2
PHF -9,+1,+3,-3

ROOT 6849
UHF -7,+6,-9,-1
LHF +0,+0,-7,-2
PHF -9,+1,+3,-3

ROOT 9460
UHF -7,+6,-9,-1
LHF +0,+0,-7,-2
PHF -9,+1,+3,-3

ROOT 5643
UHF -7,+6,-9,-1
LHF +0,+0,-7,-2
PHF -9,+1,+3,-3

ROOT 8456
UHF -7,+6,-9,-1
LHF +0,+0,-7,-2
PHF -9,+1,+3,-3

ROOT 3089
UHF -7,+6,-9,-1
LHF +0,+0,-7,-2
PHF -9,+1,+3,-3

ROOT 2716
UHF -7,+6,-9,-1
LHF +0,+0,-7,-2
PHF -9,+1,+3,-3

ROOT 6819
UHF -7,+6,-9,-1
LHF +0,+0,-7,-2
PHF -9,+1,+3,-3

ROOT 0740
UHF -7,+6,-9,-1
LHF +0,+0,-7,-2
PHF -9,+1,+3,-3

ROOT 3418
UHF -7,+6,-9,-1
LHF +0,+0,-7,-2
PHF -9,+1,+3,-3

ROOT 3884
UHF -7,+6,-9,-1
LHF +0,+0,-7,-2
PHF -9,+1,+3,-3

ROOT 7724
UHF -7,+6,-9,-1
LHF +0,+0,-7,-2
PHF -9,+1,+3,-3

ROOT 7356
UHF -7,+6,-9,-1
LHF +0,+0,-7,-2
PHF -9,+1,+3,-3

ROOT 4260
UHF -7,+6,-9,-1
LHF +0,+0,-7,-2
PHF -9,+1,+3,-3

ROOT 3070
UHF -7,+6,-9,-1
LHF +0,+0,-7,-2
PHF -9,+1,+3,-3

ROOT 7819
UHF -7,+6,-9,-1
LHF +0,+0,-7,-2
PHF -9,+1,+3,-3

ROOT 2672
UHF -7,+6,-9,-1
LHF +0,+0,-7,-2
PHF -9,+1,+3,-3

ROOT 6280
UHF -7,+6,-9,-1
LHF +0,+0,-7,-2
PHF -9,+1,+3,-3

ROOT 8418
UHF -7,+6,-9,-1
LHF +0,+0,-7,-2
PHF -9,+1,+3,-3

ROOT 2213
UHF -7,+6,-9,-1
LHF +0,+0,-7,-2
PHF -9,+1,+3,-3

ROOT 5429
UHF -7,+6,-9,-1
LHF +0,+0,-7,-2
PHF -9,+1,+3,-3

ROOT 1419
UHF -7,+6,-9,-1
LHF +0,+0,-7,-2
PHF -9,+1,+3,-3

ROOT 0748
UHF -7,+6,-9,-1
LHF +0,+0,-7,-2
PHF -9,+1,+3,-3

ROOT 9255
UHF -7,+6,-9,-1
LHF +0,+0,-7,-2
PHF -9,+1,+3,-3

ROOT 1055
UHF -7,+6,-9,-1
LHF +0,+0,-7,-2
PHF -9,+1,+3,-3

ROOT 8179
UHF -7,+6,-9,-1
LHF +0,+0,-7,-2
PHF -9,+1,+3,-3

ROOT 6198
UHF -7,+6,-9,-1
LHF +0,+0,-7,-2
PHF -9,+1,+3,-3

ROOT 1199
UHF -7,+6,-9,-1
LHF +0,+0,-7,-2
PHF -9,+1,+3,-3

ROOT 8223
UHF -7,+6,-9,-1
LHF +0,+0,-7,-2
PHF -9,+1,+3,-3

ROOT 5977
UHF -7,+6,-9,-1
LHF +0,+0,-7,-2
PHF -9,+1,+3,-3

ROOT 4884
UHF -7,+6,-9,-1
LHF +0,+0,-7,-2
PHF -9,+1,+3,-3

ROOT 3978
UHF -7,+6,-9,-1
LHF +0,+0,-7,-2
PHF -9,+1,+3,-3

ROOT 2621
UHF -7,+6,-9,-1
LHF +0,+0,-7,-2
PHF -9,+1,+3,-3

ROOT 5416
UHF -7,+6,-9,-1
LHF +0,+0,-7,-2
PHF -9,+1,+3,-3

ROOT 0147
UHF -7,+6,-9,-1
LHF +0,+0,-7,-2
PHF -9,+1,+3,-3

ROOT 0380
UHF -7,+6,-9,-1
LHF +0,+0,-7,-2
PHF -9,+1,+3,-3

ROOT 1962
UHF -7,+6,-9,-1
LHF +0,+0,-7,-2
PHF -9,+1,+3,-3

ROOT 6824
UHF -7,+6,-9,-1
LHF +0,+0,-7,-2
PHF -9,+1,+3,-3

ROOT 2549
UHF -7,+6,-9,-1
LHF +0,+0,-7,-2
PHF -9,+1,+3,-3

ROOT 4457
UHF -7,+6,-9,-1
LHF +0,+0,-7,-2
PHF -9,+1,+3,-3

ROOT 6904
UHF -7,+6,-9,-1
LHF +0,+0,-7,-2
PHF -9,+1,+3,-3

ROOT 5783
UHF -7,+6,-9,-1
LHF +0,+0,-7,-2
PHF -9,+1,+3,-3

ROOT 8209
UHF -7,+6,-9,-1
LHF +0,+0,-7,-2
PHF -9,+1,+3,-3

ROOT 2572
UHF -7,+6,-9,-1
LHF +0,+0,-7,-2
PHF -9,+1,+3,-3

ROOT 1477
UHF -7,+6,-9,-1
LHF +0,+0,-7,-2
PHF -9,+1,+3,-3

ROOT 3860
UHF -7,+6,-9,-1
LHF +0,+0,-7,-2
PHF -9,+1,+3,-3

ROOT 3579
UHF -7,+6,-9,-1
LHF +0,+0,-7,-2
PHF -9,+1,+3,-3

ROOT 1969
UHF -7,+6,-9,-1
LHF +0,+0,-7,-2
PHF -9,+1,+3,-3

ROOT 9370
UHF -7,+6,-9,-1
LHF +0,+0,-7,-2
PHF -9,+1,+3,-3

ROOT 5932
UHF -7,+6,-9,-1
LHF +0,+0,-7,-2
PHF -9,+1,+3,-3

ROOT 3324
UHF -7,+6,-9,-1
LHF +0,+0,-7,-2
PHF -9,+1,+3,-3

ROOT 9660
UHF -7,+6,-9,-1
LHF +0,+0,-7,-2
PHF -9,+1,+3,-3

ROOT 1298
UHF -7,+6,-9,-1
LHF +0,+0,-7,-2
PHF -9,+1,+3,-3

ROOT 2244
UHF -7,+6,-9,-1
LHF +0,+0,-7,-2
PHF -9,+1,+3,-3

ROOT 2314
UHF -7,+6,-9,-1
LHF +0,+0,-7,-2
PHF -9,+1,+3,-3

ROOT 2000
UHF -7,+6,-9,-1
LHF +0,+0,-7,-2
PHF -9,+1,+3,-3

ROOT 8952
UHF -7,+6,-9,-1
LHF +0,+0,-7,-2
PHF -9,+1,+3,-3

ROOT 2960
UHF -7,+6,-9,-1
LHF +0,+0,-7,-2
PHF -9,+1,+3,-3

ROOT 8689
UHF -7,+6,-9,-1
LHF +0,+0,-7,-2
PHF -9,+1,+3,-3

ROOT 0248
UHF -7,+6,-9,-1
LHF +0,+0,-7,-2
PHF -9,+1,+3,-3

ROOT 4327
UHF -7,+6,-9,-1
LHF +0,+0,-7,-2
PHF -9,+1,+3,-3

ROOT 0007
UHF -7,+6,-9,-1
LHF +0,+0,-7,-2
PHF -9,+1,+3,-3

ROOT 5413
UHF -7,+6,-9,-1
LHF +0,+0,-7,-2
PHF -9,+1,+3,-3

ROOT 7294
UHF -7,+6,-9,-1
LHF +0,+0,-7,-2
PHF -9,+1,+3,-3

ROOT 5467
UHF -7,+6,-9,-1
LHF +0,+0,-7,-2
PHF -9,+1,+3,-3

ROOT 2304
UHF -7,+6,-9,-1
LHF +0,+0,-7,-2
PHF -9,+1,+3,-3

ROOT 8348
UHF -7,+6,-9,-1
LHF +0,+0,-7,-2
PHF -9,+1,+3,-3

ROOT 6168
UHF -7,+6,-9,-1
LHF +0,+0,-7,-2
PHF -9,+1,+3,-3

ROOT 6490
UHF -7,+6,-9,-1
LHF +0,+0,-7,-2
PHF -9,+1,+3,-3

ROOT 3812
UHF -7,+6,-9,-1
LHF +0,+0,-7,-2
PHF -9,+1,+3,-3

ROOT 7614
UHF -7,+6,-9,-1
LHF +0,+0,-7,-2
PHF -9,+1,+3,-3

ROOT 5759
UHF -7,+6,-9,-1
LHF +0,+0,-7,-2
PHF -9,+1,+3,-3

ROOT 0663
UHF -7,+6,-9,-1
LHF +0,+0,-7,-2
PHF -9,+1,+3,-3

ROOT 2732
UHF -7,+6,-9,-1
LHF +0,+0,-7,-2
PHF -9,+1,+3,-3

ROOT 2615
UHF -7,+6,-9,-1
LHF +0,+0,-7,-2
PHF -9,+1,+3,-3

ROOT 5925
UHF -7,+6,-9,-1
LHF +0,+0,-7,-2
PHF -9,+1,+3,-3

ROOT 1234
UHF -7,+6,-9,-1
LHF +0,+0,-7,-2
PHF -9,+1,+3,-3

ROOT 6567
UHF -7,+6,-9,-1
LHF +0,+0,-7,-2
PHF -9,+1,+3,-3

ROOT 3230
UHF -7,+6,-9,-1
LHF +0,+0,-7,-2
PHF -9,+1,+3,-3

ROOT 8542
UHF -7,+6,-9,-1
LHF +0,+0,-7,-2
PHF -9,+1,+3,-3

ROOT 0240
UHF -7,+6,-9,-1
LHF +0,+0,-7,-2
PHF -9,+1,+3,-3

ROOT 4016
UHF -7,+6,-9,-1
LHF +0,+0,-7,-2
PHF -9,+1,+3,-3

ROOT 1235
UHF -7,+6,-9,-1
LHF +0,+0,-7,-2
PHF -9,+1,+3,-3

ROOT 3203
UHF -7,+6,-9,-1
LHF +0,+0,-7,-2
PHF -9,+1,+3,-3

ROOT 6964
UHF -7,+6,-9,-1
LHF +0,+0,-7,-2
PHF -9,+1,+3,-3

ROOT 4024
UHF -7,+6,-9,-1
LHF +0,+0,-7,-2
PHF -9,+1,+3,-3

ROOT 2239
UHF -7,+6,-9,-1
LHF +0,+0,-7,-2
PHF -9,+1,+3,-3

ROOT 7404
UHF -7,+6,-9,-1
LHF +0,+0,-7,-2
PHF -9,+1,+3,-3

ROOT 6931
UHF -7,+6,-9,-1
LHF +0,+0,-7,-2
PHF -9,+1,+3,-3

ROOT 3501
UHF -7,+6,-9,-1
LHF +0,+0,-7,-2
PHF -9,+1,+3,-3

ROOT 8623
UHF -7,+6,-9,-1
LHF +0,+0,-7,-2
PHF -9,+1,+3,-3

ROOT 1465
UHF -7,+6,-9,-1
LHF +0,+0,-7,-2
PHF -9,+1,+3,-3

ROOT 9676
UHF -7,+6,-9,-1
LHF +0,+0,-7,-2
PHF -9,+1,+3,-3

ROOT 7729
UHF -7,+6,-9,-1
LHF +0,+0,-7,-2
PHF -9,+1,+3,-3

ROOT 9991
UHF -7,+6,-9,-1
LHF +0,+0,-7,-2
PHF -9,+1,+3,-3

ROOT 5111
UHF -7,+6,-9,-1
LHF +0,+0,-7,-2
PHF -9,+1,+3,-3

ROOT 0358
UHF -7,+6,-9,-1
LHF +0,+0,-7,-2
PHF -9,+1,+3,-3

ROOT 1763
UHF -7,+6,-9,-1
LHF +0,+0,-7,-2
PHF -9,+1,+3,-3

ROOT 9026
UHF -7,+6,-9,-1
LHF +0,+0,-7,-2
PHF -9,+1,+3,-3

ROOT 1187
UHF -7,+6,-9,-1
LHF +0,+0,-7,-2
PHF -9,+1,+3,-3

ROOT 9320
UHF -7,+6,-9,-1
LHF +0,+0,-7,-2
PHF -9,+1,+3,-3

ROOT 0460
UHF -7,+6,-9,-1
LHF +0,+0,-7,-2
PHF -9,+1,+3,-3

ROOT 3877
UHF -7,+6,-9,-1
LHF +0,+0,-7,-2
PHF -9,+1,+3,-3

ROOT 4691
UHF -7,+6,-9,-1
LHF +0,+0,-7,-2
PHF -9,+1,+3,-3

ROOT 1811
UHF -7,+6,-9,-1
LHF +0,+0,-7,-2
PHF -9,+1,+3,-3

ROOT 9564
UHF -7,+6,-9,-1
LHF +0,+0,-7,-2
PHF -9,+1,+3,-3

ROOT 3920
UHF -7,+6,-9,-1
LHF +0,+0,-7,-2
PHF -9,+1,+3,-3

ROOT 2793
UHF -7,+6,-9,-1
LHF +0,+0,-7,-2
PHF -9,+1,+3,-3

ROOT 1730
UHF -7,+6,-9,-1
LHF +0,+0,-7,-2
PHF -9,+1,+3,-3

ROOT 9230
UHF -7,+6,-9,-1
LHF +0,+0,-7,-2
PHF -9,+1,+3,-3

ROOT 7377
UHF -7,+6,-9,-1
LHF +0,+0,-7,-2
PHF -9,+1,+3,-3

ROOT 8620
UHF -7,+6,-9,-1
LHF +0,+0,-7,-2
PHF -9,+1,+3,-3

ROOT 1136
UHF -7,+6,-9,-1
LHF +0,+0,-7,-2
PHF -9,+1,+3,-3

ROOT 8920
UHF -7,+6,-9,-1
LHF +0,+0,-7,-2
PHF -9,+1,+3,-3

ROOT 5847
UHF -7,+6,-9,-1
LHF +0,+0,-7,-2
PHF -9,+1,+3,-3

ROOT 3458
UHF -7,+6,-9,-1
LHF +0,+0,-7,-2
PHF -9,+1,+3,-3

ROOT 6385
UHF -7,+6,-9,-1
LHF +0,+0,-7,-2
PHF -9,+1,+3,-3

ROOT 1123
UHF -7,+6,-9,-1
LHF +0,+0,-7,-2
PHF -9,+1,+3,-3

ROOT 6914
UHF -7,+6,-9,-1
LHF +0,+0,-7,-2
PHF -9,+1,+3,-3

ROOT 0439
UHF -7,+6,-9,-1
LHF +0,+0,-7,-2
PHF -9,+1,+3,-3

ROOT 7750
UHF -7,+6,-9,-1
LHF +0,+0,-7,-2
PHF -9,+1,+3,-3

ROOT 8130
UHF -7,+6,-9,-1
LHF +0,+0,-7,-2
PHF -9,+1,+3,-3

ROOT 4547
UHF -7,+6,-9,-1
LHF +0,+0,-7,-2
PHF -9,+1,+3,-3

ROOT 3548
UHF -7,+6,-9,-1
LHF +0,+0,-7,-2
PHF -9,+1,+3,-3

ROOT 5313
UHF -7,+6,-9,-1
LHF +0,+0,-7,-2
PHF -9,+1,+3,-3

ROOT 0571
UHF -7,+6,-9,-1
LHF +0,+0,-7,-2
PHF -9,+1,+3,-3

ROOT 3822
UHF -7,+6,-9,-1
LHF +0,+0,-7,-2
PHF -9,+1,+3,-3

ROOT 6361
UHF -7,+6,-9,-1
LHF +0,+0,-7,-2
PHF -9,+1,+3,-3

ROOT 9530
UHF -7,+6,-9,-1
LHF +0,+0,-7,-2
PHF -9,+1,+3,-3

ROOT 5263
UHF -7,+6,-9,-1
LHF +0,+0,-7,-2
PHF -9,+1,+3,-3

ROOT 3716
UHF -7,+6,-9,-1
LHF +0,+0,-7,-2
PHF -9,+1,+3,-3

ROOT 9981
UHF -7,+6,-9,-1
LHF +0,+0,-7,-2
PHF -9,+1,+3,-3

ROOT 8640
UHF -7,+6,-9,-1
LHF +0,+0,-7,-2
PHF -9,+1,+3,-3

ROOT 7410
UHF -7,+6,-9,-1
LHF +0,+0,-7,-2
PHF -9,+1,+3,-3

ROOT 0547
UHF -7,+6,-9,-1
LHF +0,+0,-7,-2
PHF -9,+1,+3,-3

ROOT 5390
UHF -7,+6,-9,-1
LHF +0,+0,-7,-2
PHF -9,+1,+3,-3

ROOT 0638
UHF -7,+6,-9,-1
LHF +0,+0,-7,-2
PHF -9,+1,+3,-3

ROOT 2711
UHF -7,+6,-9,-1
LHF +0,+0,-7,-2
PHF -9,+1,+3,-3

ROOT 7471
UHF -7,+6,-9,-1
LHF +0,+0,-7,-2
PHF -9,+1,+3,-3

ROOT 4958
UHF -7,+6,-9,-1
LHF +0,+0,-7,-2
PHF -9,+1,+3,-3

ROOT 4337
UHF -7,+6,-9,-1
LHF +0,+0,-7,-2
PHF -9,+1,+3,-3

ROOT 9701
UHF -7,+6,-9,-1
LHF +0,+0,-7,-2
PHF -9,+1,+3,-3

ROOT 8936
UHF -7,+6,-9,-1
LHF +0,+0,-7,-2
PHF -9,+1,+3,-3

ROOT 0840
UHF -7,+6,-9,-1
LHF +0,+0,-7,-2
PHF -9,+1,+3,-3

ROOT 3680
UHF -7,+6,-9,-1
LHF +0,+0,-7,-2
PHF -9,+1,+3,-3

ROOT 1008
UHF -7,+6,-9,-1
LHF +0,+0,-7,-2
PHF -9,+1,+3,-3

ROOT 9761
UHF -7,+6,-9,-1
LHF +0,+0,-7,-2
PHF -9,+1,+3,-3

ROOT 9130
UHF -7,+6,-9,-1
LHF +0,+0,-7,-2
PHF -9,+1,+3,-3

ROOT 9889
UHF -7,+6,-9,-1
LHF +0,+0,-7,-2
PHF -9,+1,+3,-3

ROOT 9120
UHF -7,+6,-9,-1
LHF +0,+0,-7,-2
PHF -9,+1,+3,-3

ROOT 8259
UHF -7,+6,-9,-1
LHF +0,+0,-7,-2
PHF -9,+1,+3,-3

ROOT 8157
UHF -7,+6,-9,-1
LHF +0,+0,-7,-2
PHF -9,+1,+3,-3

ROOT 5146
UHF -7,+6,-9,-1
LHF +0,+0,-7,-2
PHF -9,+1,+3,-3

ROOT 1632
UHF -7,+6,-9,-1
LHF +0,+0,-7,-2
PHF -9,+1,+3,-3

ROOT 3549
UHF -7,+6,-9,-1
LHF +0,+0,-7,-2
PHF -9,+1,+3,-3

ROOT 3701
UHF -7,+6,-9,-1
LHF +0,+0,-7,-2
PHF -9,+1,+3,-3

ROOT 4560
UHF -7,+6,-9,-1
LHF +0,+0,-7,-2
PHF -9,+1,+3,-3

ROOT 6829
UHF -7,+6,-9,-1
LHF +0,+0,-7,-2
PHF -9,+1,+3,-3

ROOT 5900
UHF -7,+6,-9,-1
LHF +0,+0,-7,-2
PHF -9,+1,+3,-3

ROOT 0761
UHF -7,+6,-9,-1
LHF +0,+0,-7,-2
PHF -9,+1,+3,-3

ROOT 5443
UHF -7,+6,-9,-1
LHF +0,+0,-7,-2
PHF -9,+1,+3,-3

ROOT 3266
UHF -7,+6,-9,-1
LHF +0,+0,-7,-2
PHF -9,+1,+3,-3

ROOT 8098
UHF -7,+6,-9,-1
LHF +0,+0,-7,-2
PHF -9,+1,+3,-3

ROOT 6663
UHF -7,+6,-9,-1
LHF +0,+0,-7,-2
PHF -9,+1,+3,-3

ROOT 3838
UHF -7,+6,-9,-1
LHF +0,+0,-7,-2
PHF -9,+1,+3,-3

ROOT 4845
UHF -7,+6,-9,-1
LHF +0,+0,-7,-2
PHF -9,+1,+3,-3

ROOT 4700
UHF -7,+6,-9,-1
LHF +0,+0,-7,-2
PHF -9,+1,+3,-3

ROOT 3551
UHF -7,+6,-9,-1
LHF +0,+0,-7,-2
PHF -9,+1,+3,-3

ROOT 5414
UHF -7,+6,-9,-1
LHF +0,+0,-7,-2
PHF -9,+1,+3,-3

ROOT 6884
UHF -7,+6,-9,-1
LHF +0,+0,-7,-2
PHF -9,+1,+3,-3

ROOT 4106
UHF -7,+6,-9,-1
LHF +0,+0,-7,-2
PHF -9,+1,+3,-3

ROOT 3558
UHF -7,+6,-9,-1
LHF +0,+0,-7,-2
PHF -9,+1,+3,-3

ROOT 1180
UHF -7,+6,-9,-1
LHF +0,+0,-7,-2
PHF -9,+1,+3,-3

ROOT 6771
UHF -7,+6,-9,-1
LHF +0,+0,-7,-2
PHF -9,+1,+3,-3

ROOT 8457
UHF -7,+6,-9,-1
LHF +0,+0,-7,-2
PHF -9,+1,+3,-3

ROOT 4730
UHF -7,+6,-9,-1
LHF +0,+0,-7,-2
PHF -9,+1,+3,-3

ROOT 6935
UHF -7,+6,-9,-1
LHF +0,+0,-7,-2
PHF -9,+1,+3,-3

ROOT 9818
UHF -7,+6,-9,-1
LHF +0,+0,-7,-2
PHF -9,+1,+3,-3

ROOT 3749
UHF -7,+6,-9,-1
LHF +0,+0,-7,-2
PHF -9,+1,+3,-3

ROOT 1046
UHF -7,+6,-9,-1
LHF +0,+0,-7,-2
PHF -9,+1,+3,-3

ROOT 1608
UHF -7,+6,-9,-1
LHF +0,+0,-7,-2
PHF -9,+1,+3,-3

ROOT 4455
UHF -7,+6,-9,-1
LHF +0,+0,-7,-2
PHF -9,+1,+3,-3

ROOT 8701
UHF -7,+6,-9,-1
LHF +0,+0,-7,-2
PHF -9,+1,+3,-3

ROOT 0444
UHF -7,+6,-9,-1
LHF +0,+0,-7,-2
PHF -9,+1,+3,-3

ROOT 0628
UHF -7,+6,-9,-1
LHF +0,+0,-7,-2
PHF -9,+1,+3,-3

ROOT 7969
UHF -7,+6,-9,-1
LHF +0,+0,-7,-2
PHF -9,+1,+3,-3

ROOT 2897
UHF -7,+6,-9,-1
LHF +0,+0,-7,-2
PHF -9,+1,+3,-3

ROOT 7634
UHF -7,+6,-9,-1
LHF +0,+0,-7,-2
PHF -9,+1,+3,-3

ROOT 1762
UHF -7,+6,-9,-1
LHF +0,+0,-7,-2
PHF -9,+1,+3,-3

ROOT 9139
UHF -7,+6,-9,-1
LHF +0,+0,-7,-2
PHF -9,+1,+3,-3

ROOT 4917
UHF -7,+6,-9,-1
LHF +0,+0,-7,-2
PHF -9,+1,+3,-3

ROOT 7747
UHF -7,+6,-9,-1
LHF +0,+0,-7,-2
PHF -9,+1,+3,-3

ROOT 1025
UHF -7,+6,-9,-1
LHF +0,+0,-7,-2
PHF -9,+1,+3,-3

ROOT 9035
UHF -7,+6,-9,-1
LHF +0,+0,-7,-2
PHF -9,+1,+3,-3

ROOT 8829
UHF -7,+6,-9,-1
LHF +0,+0,-7,-2
PHF -9,+1,+3,-3

ROOT 4231
UHF -7,+6,-9,-1
LHF +0,+0,-7,-2
PHF -9,+1,+3,-3

ROOT 6692
UHF -7,+6,-9,-1
LHF +0,+0,-7,-2
PHF -9,+1,+3,-3

ROOT 5494
UHF -7,+6,-9,-1
LHF +0,+0,-7,-2
PHF -9,+1,+3,-3

ROOT 5041
UHF -7,+6,-9,-1
LHF +0,+0,-7,-2
PHF -9,+1,+3,-3

ROOT 6238
UHF -7,+6,-9,-1
LHF +0,+0,-7,-2
PHF -9,+1,+3,-3

ROOT 2173
UHF -7,+6,-9,-1
LHF +0,+0,-7,-2
PHF -9,+1,+3,-3

ROOT 6293
UHF -7,+6,-9,-1
LHF +0,+0,-7,-2
PHF -9,+1,+3,-3

ROOT 1856
UHF -7,+6,-9,-1
LHF +0,+0,-7,-2
PHF -9,+1,+3,-3

ROOT 7717
UHF -7,+6,-9,-1
LHF +0,+0,-7,-2
PHF -9,+1,+3,-3

ROOT 4319
UHF -7,+6,-9,-1
LHF +0,+0,-7,-2
PHF -9,+1,+3,-3

ROOT 9270
UHF -7,+6,-9,-1
LHF +0,+0,-7,-2
PHF -9,+1,+3,-3

ROOT 2854
UHF -7,+6,-9,-1
LHF +0,+0,-7,-2
PHF -9,+1,+3,-3

ROOT 3773
UHF -7,+6,-9,-1
LHF +0,+0,-7,-2
PHF -9,+1,+3,-3

ROOT 6028
UHF -7,+6,-9,-1
LHF +0,+0,-7,-2
PHF -9,+1,+3,-3

ROOT 8002
UHF -7,+6,-9,-1
LHF +0,+0,-7,-2
PHF -9,+1,+3,-3

ROOT 1506
UHF -7,+6,-9,-1
LHF +0,+0,-7,-2
PHF -9,+1,+3,-3

ROOT 7590
UHF -7,+6,-9,-1
LHF +0,+0,-7,-2
PHF -9,+1,+3,-3

ROOT 4996
UHF -7,+6,-9,-1
LHF +0,+0,-7,-2
PHF -9,+1,+3,-3

ROOT 0619
UHF -7,+6,-9,-1
LHF +0,+0,-7,-2
PHF -9,+1,+3,-3

ROOT 8206
UHF -7,+6,-9,-1
LHF +0,+0,-7,-2
PHF -9,+1,+3,-3

ROOT 8126
UHF -7,+6,-9,-1
LHF +0,+0,-7,-2
PHF -9,+1,+3,-3

ROOT 9476
UHF -7,+6,-9,-1
LHF +0,+0,-7,-2
PHF -9,+1,+3,-3

ROOT 2095
UHF -7,+6,-9,-1
LHF +0,+0,-7,-2
PHF -9,+1,+3,-3

ROOT 9471
UHF -7,+6,-9,-1
LHF +0,+0,-7,-2
PHF -9,+1,+3,-3

ROOT 0478
UHF -7,+6,-9,-1
LHF +0,+0,-7,-2
PHF -9,+1,+3,-3

ROOT 4941
UHF -7,+6,-9,-1
LHF +0,+0,-7,-2
PHF -9,+1,+3,-3

ROOT 6694
UHF -7,+6,-9,-1
LHF +0,+0,-7,-2
PHF -9,+1,+3,-3

ROOT 6539
UHF -7,+6,-9,-1
LHF +0,+0,-7,-2
PHF -9,+1,+3,-3

ROOT 6786
UHF -7,+6,-9,-1
LHF +0,+0,-7,-2
PHF -9,+1,+3,-3

ROOT 9792
UHF -7,+6,-9,-1
LHF +0,+0,-7,-2
PHF -9,+1,+3,-3

ROOT 7266
UHF -7,+6,-9,-1
LHF +0,+0,-7,-2
PHF -9,+1,+3,-3

ROOT 5040
UHF -7,+6,-9,-1
LHF +0,+0,-7,-2
PHF -9,+1,+3,-3

ROOT 3504
UHF -7,+6,-9,-1
LHF +0,+0,-7,-2
PHF -9,+1,+3,-3

ROOT 3620
UHF -7,+6,-9,-1
LHF +0,+0,-7,-2
PHF -9,+1,+3,-3

ROOT 4667
UHF -7,+6,-9,-1
LHF +0,+0,-7,-2
PHF -9,+1,+3,-3

ROOT 7048
UHF -7,+6,-9,-1
LHF +0,+0,-7,-2
PHF -9,+1,+3,-3

ROOT 4471
UHF -7,+6,-9,-1
LHF +0,+0,-7,-2
PHF -9,+1,+3,-3

ROOT 9147
UHF -7,+6,-9,-1
LHF +0,+0,-7,-2
PHF -9,+1,+3,-3

ROOT 8327
UHF -7,+6,-9,-1
LHF +0,+0,-7,-2
PHF -9,+1,+3,-3

ROOT 4955
UHF -7,+6,-9,-1
LHF +0,+0,-7,-2
PHF -9,+1,+3,-3

ROOT 6913
UHF -7,+6,-9,-1
LHF +0,+0,-7,-2
PHF -9,+1,+3,-3

ROOT 0243
UHF -7,+6,-9,-1
LHF +0,+0,-7,-2
PHF -9,+1,+3,-3

ROOT 2790
UHF -7,+6,-9,-1
LHF +0,+0,-7,-2
PHF -9,+1,+3,-3

ROOT 0633
UHF -7,+6,-9,-1
LHF +0,+0,-7,-2
PHF -9,+1,+3,-3

ROOT 4805
UHF -7,+6,-9,-1
LHF +0,+0,-7,-2
PHF -9,+1,+3,-3

ROOT 5175
UHF -7,+6,-9,-1
LHF +0,+0,-7,-2
PHF -9,+1,+3,-3

ROOT 0670
UHF -7,+6,-9,-1
LHF +0,+0,-7,-2
PHF -9,+1,+3,-3

ROOT 4906
UHF -7,+6,-9,-1
LHF +0,+0,-7,-2
PHF -9,+1,+3,-3

ROOT 1309
UHF -7,+6,-9,-1
LHF +0,+0,-7,-2
PHF -9,+1,+3,-3

ROOT 0863
UHF -7,+6,-9,-1
LHF +0,+0,-7,-2
PHF -9,+1,+3,-3

ROOT 1964
UHF -7,+6,-9,-1
LHF +0,+0,-7,-2
PHF -9,+1,+3,-3

ROOT 4386
UHF -7,+6,-9,-1
LHF +0,+0,-7,-2
PHF -9,+1,+3,-3

ROOT 0311
UHF -7,+6,-9,-1
LHF +0,+0,-7,-2
PHF -9,+1,+3,-3

ROOT 2206
UHF -7,+6,-9,-1
LHF +0,+0,-7,-2
PHF -9,+1,+3,-3

ROOT 0065
UHF -7,+6,-9,-1
LHF +0,+0,-7,-2
PHF -9,+1,+3,-3

ROOT 3785
UHF -7,+6,-9,-1
LHF +0,+0,-7,-2
PHF -9,+1,+3,-3

ROOT 5122
UHF -7,+6,-9,-1
LHF +0,+0,-7,-2
PHF -9,+1,+3,-3

ROOT 0282
UHF -7,+6,-9,-1
LHF +0,+0,-7,-2
PHF -9,+1,+3,-3

ROOT 9227
UHF -7,+6,-9,-1
LHF +0,+0,-7,-2
PHF -9,+1,+3,-3

ROOT 8566
UHF -7,+6,-9,-1
LHF +0,+0,-7,-2
PHF -9,+1,+3,-3

ROOT 9192
UHF -7,+6,-9,-1
LHF +0,+0,-7,-2
PHF -9,+1,+3,-3

ROOT 0536
UHF -7,+6,-9,-1
LHF +0,+0,-7,-2
PHF -9,+1,+3,-3

ROOT 1552
UHF -7,+6,-9,-1
LHF +0,+0,-7,-2
PHF -9,+1,+3,-3

ROOT 3895
UHF -7,+6,-9,-1
LHF +0,+0,-7,-2
PHF -9,+1,+3,-3

ROOT 3892
UHF -7,+6,-9,-1
LHF +0,+0,-7,-2
PHF -9,+1,+3,-3

ROOT 4962
UHF -7,+6,-9,-1
LHF +0,+0,-7,-2
PHF -9,+1,+3,-3

ROOT 7677
UHF -7,+6,-9,-1
LHF +0,+0,-7,-2
PHF -9,+1,+3,-3

ROOT 0590
UHF -7,+6,-9,-1
LHF +0,+0,-7,-2
PHF -9,+1,+3,-3

ROOT 7370
UHF -7,+6,-9,-1
LHF +0,+0,-7,-2
PHF -9,+1,+3,-3

ROOT 5775
UHF -7,+6,-9,-1
LHF +0,+0,-7,-2
PHF -9,+1,+3,-3

ROOT 4761
UHF -7,+6,-9,-1
LHF +0,+0,-7,-2
PHF -9,+1,+3,-3

ROOT 0475
UHF -7,+6,-9,-1
LHF +0,+0,-7,-2
PHF -9,+1,+3,-3

ROOT 5610
UHF -7,+6,-9,-1
LHF +0,+0,-7,-2
PHF -9,+1,+3,-3

ROOT 7850
UHF -7,+6,-9,-1
LHF +0,+0,-7,-2
PHF -9,+1,+3,-3

ROOT 0011
UHF -7,+6,-9,-1
LHF +0,+0,-7,-2
PHF -9,+1,+3,-3

ROOT 3655
UHF -7,+6,-9,-1
LHF +0,+0,-7,-2
PHF -9,+1,+3,-3

ROOT 7433
UHF -7,+6,-9,-1
LHF +0,+0,-7,-2
PHF -9,+1,+3,-3

ROOT 4667
UHF -7,+6,-9,-1
LHF +0,+0,-7,-2
PHF -9,+1,+3,-3

ROOT 3474
UHF -7,+6,-9,-1
LHF +0,+0,-7,-2
PHF -9,+1,+3,-3

ROOT 9461
UHF -7,+6,-9,-1
LHF +0,+0,-7,-2
PHF -9,+1,+3,-3

ROOT 1200
UHF -7,+6,-9,-1
LHF +0,+0,-7,-2
PHF -9,+1,+3,-3

ROOT 1797
UHF -7,+6,-9,-1
LHF +0,+0,-7,-2
PHF -9,+1,+3,-3

ROOT 5140
UHF -7,+6,-9,-1
LHF +0,+0,-7,-2
PHF -9,+1,+3,-3

ROOT 6686
UHF -7,+6,-9,-1
LHF +0,+0,-7,-2
PHF -9,+1,+3,-3

ROOT 0131
UHF -7,+6,-9,-1
LHF +0,+0,-7,-2
PHF -9,+1,+3,-3

ROOT 0058
UHF -7,+6,-9,-1
LHF +0,+0,-7,-2
PHF -9,+1,+3,-3

ROOT 9265
UHF -7,+6,-9,-1
LHF +0,+0,-7,-2
PHF -9,+1,+3,-3

ROOT 7905
UHF -7,+6,-9,-1
LHF +0,+0,-7,-2
PHF -9,+1,+3,-3

ROOT 0520
UHF -7,+6,-9,-1
LHF +0,+0,-7,-2
PHF -9,+1,+3,-3

ROOT 9197
UHF -7,+6,-9,-1
LHF +0,+0,-7,-2
PHF -9,+1,+3,-3

ROOT 5924
UHF -7,+6,-9,-1
LHF +0,+0,-7,-2
PHF -9,+1,+3,-3

ROOT 0404
UHF -7,+6,-9,-1
LHF +0,+0,-7,-2
PHF -9,+1,+3,-3

ROOT 3721
UHF -7,+6,-9,-1
LHF +0,+0,-7,-2
PHF -9,+1,+3,-3

ROOT 1642
UHF -7,+6,-9,-1
LHF +0,+0,-7,-2
PHF -9,+1,+3,-3

ROOT 8913
UHF -7,+6,-9,-1
LHF +0,+0,-7,-2
PHF -9,+1,+3,-3

ROOT 3197
UHF -7,+6,-9,-1
LHF +0,+0,-7,-2
PHF -9,+1,+3,-3

ROOT 6715
UHF -7,+6,-9,-1
LHF +0,+0,-7,-2
PHF -9,+1,+3,-3

ROOT 1486
UHF -7,+6,-9,-1
LHF +0,+0,-7,-2
PHF -9,+1,+3,-3

ROOT 0103
UHF -7,+6,-9,-1
LHF +0,+0,-7,-2
PHF -9,+1,+3,-3

ROOT 2396
UHF -7,+6,-9,-1
LHF +0,+0,-7,-2
PHF -9,+1,+3,-3

ROOT 7275
UHF -7,+6,-9,-1
LHF +0,+0,-7,-2
PHF -9,+1,+3,-3

ROOT 5181
UHF -7,+6,-9,-1
LHF +0,+0,-7,-2
PHF -9,+1,+3,-3

ROOT 4843
UHF -7,+6,-9,-1
LHF +0,+0,-7,-2
PHF -9,+1,+3,-3

ROOT 9992
UHF -7,+6,-9,-1
LHF +0,+0,-7,-2
PHF -9,+1,+3,-3

ROOT 8385
UHF -7,+6,-9,-1
LHF +0,+0,-7,-2
PHF -9,+1,+3,-3

ROOT 0727
UHF -7,+6,-9,-1
LHF +0,+0,-7,-2
PHF -9,+1,+3,-3

ROOT 7263
UHF -7,+6,-9,-1
LHF +0,+0,-7,-2
PHF -9,+1,+3,-3

ROOT 9511
UHF -7,+6,-9,-1
LHF +0,+0,-7,-2
PHF -9,+1,+3,-3

ROOT 5063
UHF -7,+6,-9,-1
LHF +0,+0,-7,-2
PHF -9,+1,+3,-3

ROOT 9593
UHF -7,+6,-9,-1
LHF +0,+0,-7,-2
PHF -9,+1,+3,-3

ROOT 2684
UHF -7,+6,-9,-1
LHF +0,+0,-7,-2
PHF -9,+1,+3,-3

ROOT 2855
UHF -7,+6,-9,-1
LHF +0,+0,-7,-2
PHF -9,+1,+3,-3

ROOT 8397
UHF -7,+6,-9,-1
LHF +0,+0,-7,-2
PHF -9,+1,+3,-3

ROOT 1516
UHF -7,+6,-9,-1
LHF +0,+0,-7,-2
PHF -9,+1,+3,-3

ROOT 4439
UHF -7,+6,-9,-1
LHF +0,+0,-7,-2
PHF -9,+1,+3,-3

ROOT 0078
UHF -7,+6,-9,-1
LHF +0,+0,-7,-2
PHF -9,+1,+3,-3

ROOT 6184
UHF -7,+6,-9,-1
LHF +0,+0,-7,-2
PHF -9,+1,+3,-3

ROOT 9391
UHF -7,+6,-9,-1
LHF +0,+0,-7,-2
PHF -9,+1,+3,-3

ROOT 1634
UHF -7,+6,-9,-1
LHF +0,+0,-7,-2
PHF -9,+1,+3,-3

ROOT 5421
UHF -7,+6,-9,-1
LHF +0,+0,-7,-2
PHF -9,+1,+3,-3

ROOT 8458
UHF -7,+6,-9,-1
LHF +0,+0,-7,-2
PHF -9,+1,+3,-3

ROOT 5437
UHF -7,+6,-9,-1
LHF +0,+0,-7,-2
PHF -9,+1,+3,-3

ROOT 0669
UHF -7,+6,-9,-1
LHF +0,+0,-7,-2
PHF -9,+1,+3,-3

ROOT 9135
UHF -7,+6,-9,-1
LHF +0,+0,-7,-2
PHF -9,+1,+3,-3

ROOT 4370
UHF -7,+6,-9,-1
LHF +0,+0,-7,-2
PHF -9,+1,+3,-3

ROOT 2490
UHF -7,+6,-9,-1
LHF +0,+0,-7,-2
PHF -9,+1,+3,-3

ROOT 5213
UHF -7,+6,-9,-1
LHF +0,+0,-7,-2
PHF -9,+1,+3,-3

ROOT 9809
UHF -7,+6,-9,-1
LHF +0,+0,-7,-2
PHF -9,+1,+3,-3

ROOT 0317
UHF -7,+6,-9,-1
LHF +0,+0,-7,-2
PHF -9,+1,+3,-3

ROOT 9988
UHF -7,+6,-9,-1
LHF +0,+0,-7,-2
PHF -9,+1,+3,-3

ROOT 7435
UHF -7,+6,-9,-1
LHF +0,+0,-7,-2
PHF -9,+1,+3,-3

ROOT 9832
UHF -7,+6,-9,-1
LHF +0,+0,-7,-2
PHF -9,+1,+3,-3

ROOT 2732
UHF -7,+6,-9,-1
LHF +0,+0,-7,-2
PHF -9,+1,+3,-3

ROOT 1246
UHF -7,+6,-9,-1
LHF +0,+0,-7,-2
PHF -9,+1,+3,-3

ROOT 1944
UHF -7,+6,-9,-1
LHF +0,+0,-7,-2
PHF -9,+1,+3,-3

ROOT 9828
UHF -7,+6,-9,-1
LHF +0,+0,-7,-2
PHF -9,+1,+3,-3

ROOT 8454
UHF -7,+6,-9,-1
LHF +0,+0,-7,-2
PHF -9,+1,+3,-3

ROOT 1554
UHF -7,+6,-9,-1
LHF +0,+0,-7,-2
PHF -9,+1,+3,-3

ROOT 2108
UHF -7,+6,-9,-1
LHF +0,+0,-7,-2
PHF -9,+1,+3,-3

ROOT 7919
UHF -7,+6,-9,-1
LHF +0,+0,-7,-2
PHF -9,+1,+3,-3

ROOT 7620
UHF -7,+6,-9,-1
LHF +0,+0,-7,-2
PHF -9,+1,+3,-3

ROOT 9247
UHF -7,+6,-9,-1
LHF +0,+0,-7,-2
PHF -9,+1,+3,-3

ROOT 1923
UHF -7,+6,-9,-1
LHF +0,+0,-7,-2
PHF -9,+1,+3,-3

ROOT 3943
UHF -7,+6,-9,-1
LHF +0,+0,-7,-2
PHF -9,+1,+3,-3

ROOT 1695
UHF -7,+6,-9,-1
LHF +0,+0,-7,-2
PHF -9,+1,+3,-3

ROOT 2818
UHF -7,+6,-9,-1
LHF +0,+0,-7,-2
PHF -9,+1,+3,-3

ROOT 6270
UHF -7,+6,-9,-1
LHF +0,+0,-7,-2
PHF -9,+1,+3,-3

ROOT 2435
UHF -7,+6,-9,-1
LHF +0,+0,-7,-2
PHF -9,+1,+3,-3

ROOT 6406
UHF -7,+6,-9,-1
LHF +0,+0,-7,-2
PHF -9,+1,+3,-3

ROOT 9928
UHF -7,+6,-9,-1
LHF +0,+0,-7,-2
PHF -9,+1,+3,-3

ROOT 2352
UHF -7,+6,-9,-1
LHF +0,+0,-7,-2
PHF -9,+1,+3,-3

ROOT 2865
UHF -7,+6,-9,-1
LHF +0,+0,-7,-2
PHF -9,+1,+3,-3

ROOT 8262
UHF -7,+6,-9,-1
LHF +0,+0,-7,-2
PHF -9,+1,+3,-3

ROOT 1602
UHF -7,+6,-9,-1
LHF +0,+0,-7,-2
PHF -9,+1,+3,-3

ROOT 7382
UHF -7,+6,-9,-1
LHF +0,+0,-7,-2
PHF -9,+1,+3,-3

ROOT 1211
UHF -7,+6,-9,-1
LHF +0,+0,-7,-2
PHF -9,+1,+3,-3

ROOT 6233
UHF -7,+6,-9,-1
LHF +0,+0,-7,-2
PHF -9,+1,+3,-3

ROOT 6907
UHF -7,+6,-9,-1
LHF +0,+0,-7,-2
PHF -9,+1,+3,-3

ROOT 4698
UHF -7,+6,-9,-1
LHF +0,+0,-7,-2
PHF -9,+1,+3,-3

ROOT 2365
UHF -7,+6,-9,-1
LHF +0,+0,-7,-2
PHF -9,+1,+3,-3

ROOT 5453
UHF -7,+6,-9,-1
LHF +0,+0,-7,-2
PHF -9,+1,+3,-3

ROOT 9238
UHF -7,+6,-9,-1
LHF +0,+0,-7,-2
PHF -9,+1,+3,-3

ROOT 4317
UHF -7,+6,-9,-1
LHF +0,+0,-7,-2
PHF -9,+1,+3,-3

ROOT 9199
UHF -7,+6,-9,-1
LHF +0,+0,-7,-2
PHF -9,+1,+3,-3

ROOT 4735
UHF -7,+6,-9,-1
LHF +0,+0,-7,-2
PHF -9,+1,+3,-3

ROOT 5470
UHF -7,+6,-9,-1
LHF +0,+0,-7,-2
PHF -9,+1,+3,-3

ROOT 8804
UHF -7,+6,-9,-1
LHF +0,+0,-7,-2
PHF -9,+1,+3,-3

ROOT 6555
UHF -7,+6,-9,-1
LHF +0,+0,-7,-2
PHF -9,+1,+3,-3

ROOT 3562
UHF -7,+6,-9,-1
LHF +0,+0,-7,-2
PHF -9,+1,+3,-3

ROOT 3048
UHF -7,+6,-9,-1
LHF +0,+0,-7,-2
PHF -9,+1,+3,-3

ROOT 5626
UHF -7,+6,-9,-1
LHF +0,+0,-7,-2
PHF -9,+1,+3,-3

ROOT 1639
UHF -7,+6,-9,-1
LHF +0,+0,-7,-2
PHF -9,+1,+3,-3

ROOT 1519
UHF -7,+6,-9,-1
LHF +0,+0,-7,-2
PHF -9,+1,+3,-3

ROOT 0793
UHF -7,+6,-9,-1
LHF +0,+0,-7,-2
PHF -9,+1,+3,-3

ROOT 7618
UHF -7,+6,-9,-1
LHF +0,+0,-7,-2
PHF -9,+1,+3,-3

ROOT 8073
UHF -7,+6,-9,-1
LHF +0,+0,-7,-2
PHF -9,+1,+3,-3

ROOT 0021
UHF -7,+6,-9,-1
LHF +0,+0,-7,-2
PHF -9,+1,+3,-3

ROOT 8413
UHF -7,+6,-9,-1
LHF +0,+0,-7,-2
PHF -9,+1,+3,-3

ROOT 7185
UHF -7,+6,-9,-1
LHF +0,+0,-7,-2
PHF -9,+1,+3,-3

ROOT 2051
UHF -7,+6,-9,-1
LHF +0,+0,-7,-2
PHF -9,+1,+3,-3

ROOT 4173
UHF -7,+6,-9,-1
LHF +0,+0,-7,-2
PHF -9,+1,+3,-3

ROOT 6375
UHF -7,+6,-9,-1
LHF +0,+0,-7,-2
PHF -9,+1,+3,-3

ROOT 8802
UHF -7,+6,-9,-1
LHF +0,+0,-7,-2
PHF -9,+1,+3,-3

ROOT 5976
UHF -7,+6,-9,-1
LHF +0,+0,-7,-2
PHF -9,+1,+3,-3

ROOT 0339
UHF -7,+6,-9,-1
LHF +0,+0,-7,-2
PHF -9,+1,+3,-3

ROOT 9067
UHF -7,+6,-9,-1
LHF +0,+0,-7,-2
PHF -9,+1,+3,-3

ROOT 2733
UHF -7,+6,-9,-1
LHF +0,+0,-7,-2
PHF -9,+1,+3,-3

ROOT 6488
UHF -7,+6,-9,-1
LHF +0,+0,-7,-2
PHF -9,+1,+3,-3

ROOT 2967
UHF -7,+6,-9,-1
LHF +0,+0,-7,-2
PHF -9,+1,+3,-3

ROOT 4503
UHF -7,+6,-9,-1
LHF +0,+0,-7,-2
PHF -9,+1,+3,-3

ROOT 0722
UHF -7,+6,-9,-1
LHF +0,+0,-7,-2
PHF -9,+1,+3,-3

ROOT 0528
UHF -7,+6,-9,-1
LHF +0,+0,-7,-2
PHF -9,+1,+3,-3

ROOT 0271
UHF -7,+6,-9,-1
LHF +0,+0,-7,-2
PHF -9,+1,+3,-3

ROOT 5556
UHF -7,+6,-9,-1
LHF +0,+0,-7,-2
PHF -9,+1,+3,-3

ROOT 3617
UHF -7,+6,-9,-1
LHF +0,+0,-7,-2
PHF -9,+1,+3,-3

ROOT 2662
UHF -7,+6,-9,-1
LHF +0,+0,-7,-2
PHF -9,+1,+3,-3

ROOT 1638
UHF -7,+6,-9,-1
LHF +0,+0,-7,-2
PHF -9,+1,+3,-3

ROOT 9027
UHF -7,+6,-9,-1
LHF +0,+0,-7,-2
PHF -9,+1,+3,-3

ROOT 3428
UHF -7,+6,-9,-1
LHF +0,+0,-7,-2
PHF -9,+1,+3,-3

ROOT 8049
UHF -7,+6,-9,-1
LHF +0,+0,-7,-2
PHF -9,+1,+3,-3

ROOT 7683
UHF -7,+6,-9,-1
LHF +0,+0,-7,-2
PHF -9,+1,+3,-3

ROOT 7947
UHF -7,+6,-9,-1
LHF +0,+0,-7,-2
PHF -9,+1,+3,-3

ROOT 7789
UHF -7,+6,-9,-1
LHF +0,+0,-7,-2
PHF -9,+1,+3,-3

ROOT 2245
UHF -7,+6,-9,-1
LHF +0,+0,-7,-2
PHF -9,+1,+3,-3

ROOT 8166
UHF -7,+6,-9,-1
LHF +0,+0,-7,-2
PHF -9,+1,+3,-3

ROOT 0445
UHF -7,+6,-9,-1
LHF +0,+0,-7,-2
PHF -9,+1,+3,-3

ROOT 2361
UHF -7,+6,-9,-1
LHF +0,+0,-7,-2
PHF -9,+1,+3,-3

ROOT 4304
UHF -7,+6,-9,-1
LHF +0,+0,-7,-2
PHF -9,+1,+3,-3

ROOT 9461
UHF -7,+6,-9,-1
LHF +0,+0,-7,-2
PHF -9,+1,+3,-3

ROOT 9789
UHF -7,+6,-9,-1
LHF +0,+0,-7,-2
PHF -9,+1,+3,-3

ROOT 7563
UHF -7,+6,-9,-1
LHF +0,+0,-7,-2
PHF -9,+1,+3,-3

ROOT 8830
UHF -7,+6,-9,-1
LHF +0,+0,-7,-2
PHF -9,+1,+3,-3

ROOT 8039
UHF -7,+6,-9,-1
LHF +0,+0,-7,-2
PHF -9,+1,+3,-3

ROOT 8525
UHF -7,+6,-9,-1
LHF +0,+0,-7,-2
PHF -9,+1,+3,-3

ROOT 4502
UHF -7,+6,-9,-1
LHF +0,+0,-7,-2
PHF -9,+1,+3,-3

ROOT 2553
UHF -7,+6,-9,-1
LHF +0,+0,-7,-2
PHF -9,+1,+3,-3

ROOT 3392
UHF -7,+6,-9,-1
LHF +0,+0,-7,-2
PHF -9,+1,+3,-3

ROOT 2472
UHF -7,+6,-9,-1
LHF +0,+0,-7,-2
PHF -9,+1,+3,-3

ROOT 2414
UHF -7,+6,-9,-1
LHF +0,+0,-7,-2
PHF -9,+1,+3,-3

ROOT 7488
UHF -7,+6,-9,-1
LHF +0,+0,-7,-2
PHF -9,+1,+3,-3

ROOT 2638
UHF -7,+6,-9,-1
LHF +0,+0,-7,-2
PHF -9,+1,+3,-3

ROOT 2456
UHF -7,+6,-9,-1
LHF +0,+0,-7,-2
PHF -9,+1,+3,-3

ROOT 2975
UHF -7,+6,-9,-1
LHF +0,+0,-7,-2
PHF -9,+1,+3,-3

ROOT 7061
UHF -7,+6,-9,-1
LHF +0,+0,-7,-2
PHF -9,+1,+3,-3

ROOT 1876
UHF -7,+6,-9,-1
LHF +0,+0,-7,-2
PHF -9,+1,+3,-3

ROOT 9306
UHF -7,+6,-9,-1
LHF +0,+0,-7,-2
PHF -9,+1,+3,-3

ROOT 4578
UHF -7,+6,-9,-1
LHF +0,+0,-7,-2
PHF -9,+1,+3,-3

ROOT 2225
UHF -7,+6,-9,-1
LHF +0,+0,-7,-2
PHF -9,+1,+3,-3

ROOT 7011
UHF -7,+6,-9,-1
LHF +0,+0,-7,-2
PHF -9,+1,+3,-3

ROOT 0017
UHF -7,+6,-9,-1
LHF +0,+0,-7,-2
PHF -9,+1,+3,-3

ROOT 1740
UHF -7,+6,-9,-1
LHF +0,+0,-7,-2
PHF -9,+1,+3,-3

ROOT 6320
UHF -7,+6,-9,-1
LHF +0,+0,-7,-2
PHF -9,+1,+3,-3

ROOT 9965
UHF -7,+6,-9,-1
LHF +0,+0,-7,-2
PHF -9,+1,+3,-3

ROOT 7800
UHF -7,+6,-9,-1
LHF +0,+0,-7,-2
PHF -9,+1,+3,-3

ROOT 8734
UHF -7,+6,-9,-1
LHF +0,+0,-7,-2
PHF -9,+1,+3,-3

ROOT 5671
UHF -7,+6,-9,-1
LHF +0,+0,-7,-2
PHF -9,+1,+3,-3

ROOT 1870
UHF -7,+6,-9,-1
LHF +0,+0,-7,-2
PHF -9,+1,+3,-3

ROOT 7382
UHF -7,+6,-9,-1
LHF +0,+0,-7,-2
PHF -9,+1,+3,-3

ROOT 4274
UHF -7,+6,-9,-1
LHF +0,+0,-7,-2
PHF -9,+1,+3,-3

ROOT 2516
UHF -7,+6,-9,-1
LHF +0,+0,-7,-2
PHF -9,+1,+3,-3

ROOT 2872
UHF -7,+6,-9,-1
LHF +0,+0,-7,-2
PHF -9,+1,+3,-3

ROOT 1192
UHF -7,+6,-9,-1
LHF +0,+0,-7,-2
PHF -9,+1,+3,-3

ROOT 6038
UHF -7,+6,-9,-1
LHF +0,+0,-7,-2
PHF -9,+1,+3,-3

ROOT 7464
UHF -7,+6,-9,-1
LHF +0,+0,-7,-2
PHF -9,+1,+3,-3

ROOT 9282
UHF -7,+6,-9,-1
LHF +0,+0,-7,-2
PHF -9,+1,+3,-3

ROOT 3007
UHF -7,+6,-9,-1
LHF +0,+0,-7,-2
PHF -9,+1,+3,-3

ROOT 4873
UHF -7,+6,-9,-1
LHF +0,+0,-7,-2
PHF -9,+1,+3,-3

ROOT 0208
UHF -7,+6,-9,-1
LHF +0,+0,-7,-2
PHF -9,+1,+3,-3

ROOT 8661
UHF -7,+6,-9,-1
LHF +0,+0,-7,-2
PHF -9,+1,+3,-3

ROOT 2636
UHF -7,+6,-9,-1
LHF +0,+0,-7,-2
PHF -9,+1,+3,-3

ROOT 9784
UHF -7,+6,-9,-1
LHF +0,+0,-7,-2
PHF -9,+1,+3,-3

ROOT 8054
UHF -7,+6,-9,-1
LHF +0,+0,-7,-2
PHF -9,+1,+3,-3

ROOT 7381
UHF -7,+6,-9,-1
LHF +0,+0,-7,-2
PHF -9,+1,+3,-3

ROOT 9492
UHF -7,+6,-9,-1
LHF +0,+0,-7,-2
PHF -9,+1,+3,-3

ROOT 2809
UHF -7,+6,-9,-1
LHF +0,+0,-7,-2
PHF -9,+1,+3,-3

ROOT 3798
UHF -7,+6,-9,-1
LHF +0,+0,-7,-2
PHF -9,+1,+3,-3

ROOT 1602
UHF -7,+6,-9,-1
LHF +0,+0,-7,-2
PHF -9,+1,+3,-3

ROOT 3380
UHF -7,+6,-9,-1
LHF +0,+0,-7,-2
PHF -9,+1,+3,-3

ROOT 9817
UHF -7,+6,-9,-1
LHF +0,+0,-7,-2
PHF -9,+1,+3,-3

ROOT 9399
UHF -7,+6,-9,-1
LHF +0,+0,-7,-2
PHF -9,+1,+3,-3

ROOT 8496
UHF -7,+6,-9,-1
LHF +0,+0,-7,-2
PHF -9,+1,+3,-3

ROOT 5790
UHF -7,+6,-9,-1
LHF +0,+0,-7,-2
PHF -9,+1,+3,-3

ROOT 5947
UHF -7,+6,-9,-1
LHF +0,+0,-7,-2
PHF -9,+1,+3,-3

ROOT 0142
UHF -7,+6,-9,-1
LHF +0,+0,-7,-2
PHF -9,+1,+3,-3

ROOT 7084
UHF -7,+6,-9,-1
LHF +0,+0,-7,-2
PHF -9,+1,+3,-3

ROOT 8645
UHF -7,+6,-9,-1
LHF +0,+0,-7,-2
PHF -9,+1,+3,-3

ROOT 5047
UHF -7,+6,-9,-1
LHF +0,+0,-7,-2
PHF -9,+1,+3,-3

ROOT 0481
UHF -7,+6,-9,-1
LHF +0,+0,-7,-2
PHF -9,+1,+3,-3

ROOT 8653
UHF -7,+6,-9,-1
LHF +0,+0,-7,-2
PHF -9,+1,+3,-3

ROOT 0883
UHF -7,+6,-9,-1
LHF +0,+0,-7,-2
PHF -9,+1,+3,-3

ROOT 7997
UHF -7,+6,-9,-1
LHF +0,+0,-7,-2
PHF -9,+1,+3,-3

ROOT 6813
UHF -7,+6,-9,-1
LHF +0,+0,-7,-2
PHF -9,+1,+3,-3

ROOT 3327
UHF -7,+6,-9,-1
LHF +0,+0,-7,-2
PHF -9,+1,+3,-3

ROOT 4482
UHF -7,+6,-9,-1
LHF +0,+0,-7,-2
PHF -9,+1,+3,-3

ROOT 6816
UHF -7,+6,-9,-1
LHF +0,+0,-7,-2
PHF -9,+1,+3,-3

ROOT 4836
UHF -7,+6,-9,-1
LHF +0,+0,-7,-2
PHF -9,+1,+3,-3

ROOT 6626
UHF -7,+6,-9,-1
LHF +0,+0,-7,-2
PHF -9,+1,+3,-3

ROOT 9559
UHF -7,+6,-9,-1
LHF +0,+0,-7,-2
PHF -9,+1,+3,-3

ROOT 5539
UHF -7,+6,-9,-1
LHF +0,+0,-7,-2
PHF -9,+1,+3,-3

ROOT 8809
UHF -7,+6,-9,-1
LHF +0,+0,-7,-2
PHF -9,+1,+3,-3

ROOT 7428
UHF -7,+6,-9,-1
LHF +0,+0,-7,-2
PHF -9,+1,+3,-3

ROOT 2025
UHF -7,+6,-9,-1
LHF +0,+0,-7,-2
PHF -9,+1,+3,-3

ROOT 2898
UHF -7,+6,-9,-1
LHF +0,+0,-7,-2
PHF -9,+1,+3,-3

ROOT 4930
UHF -7,+6,-9,-1
LHF +0,+0,-7,-2
PHF -9,+1,+3,-3

ROOT 5824
UHF -7,+6,-9,-1
LHF +0,+0,-7,-2
PHF -9,+1,+3,-3

ROOT 2343
UHF -7,+6,-9,-1
LHF +0,+0,-7,-2
PHF -9,+1,+3,-3

ROOT 4682
UHF -7,+6,-9,-1
LHF +0,+0,-7,-2
PHF -9,+1,+3,-3

ROOT 6292
UHF -7,+6,-9,-1
LHF +0,+0,-7,-2
PHF -9,+1,+3,-3

ROOT 6739
UHF -7,+6,-9,-1
LHF +0,+0,-7,-2
PHF -9,+1,+3,-3

ROOT 1184
UHF -7,+6,-9,-1
LHF +0,+0,-7,-2
PHF -9,+1,+3,-3

ROOT 6538
UHF -7,+6,-9,-1
LHF +0,+0,-7,-2
PHF -9,+1,+3,-3

ROOT 1149
UHF -7,+6,-9,-1
LHF +0,+0,-7,-2
PHF -9,+1,+3,-3

ROOT 6073
UHF -7,+6,-9,-1
LHF +0,+0,-7,-2
PHF -9,+1,+3,-3

ROOT 0334
UHF -7,+6,-9,-1
LHF +0,+0,-7,-2
PHF -9,+1,+3,-3

ROOT 3696
UHF -7,+6,-9,-1
LHF +0,+0,-7,-2
PHF -9,+1,+3,-3

ROOT 5121
UHF -7,+6,-9,-1
LHF +0,+0,-7,-2
PHF -9,+1,+3,-3

ROOT 2196
UHF -7,+6,-9,-1
LHF +0,+0,-7,-2
PHF -9,+1,+3,-3

ROOT 0921
UHF -7,+6,-9,-1
LHF +0,+0,-7,-2
PHF -9,+1,+3,-3

ROOT 4277
UHF -7,+6,-9,-1
LHF +0,+0,-7,-2
PHF -9,+1,+3,-3

ROOT 2375
UHF -7,+6,-9,-1
LHF +0,+0,-7,-2
PHF -9,+1,+3,-3

ROOT 8940
UHF -7,+6,-9,-1
LHF +0,+0,-7,-2
PHF -9,+1,+3,-3

ROOT 3186
UHF -7,+6,-9,-1
LHF +0,+0,-7,-2
PHF -9,+1,+3,-3

ROOT 7980
UHF -7,+6,-9,-1
LHF +0,+0,-7,-2
PHF -9,+1,+3,-3

ROOT 6470
UHF -7,+6,-9,-1
LHF +0,+0,-7,-2
PHF -9,+1,+3,-3

ROOT 2754
UHF -7,+6,-9,-1
LHF +0,+0,-7,-2
PHF -9,+1,+3,-3

ROOT 0089
UHF -7,+6,-9,-1
LHF +0,+0,-7,-2
PHF -9,+1,+3,-3

ROOT 5583
UHF -7,+6,-9,-1
LHF +0,+0,-7,-2
PHF -9,+1,+3,-3

ROOT 1220
UHF -7,+6,-9,-1
LHF +0,+0,-7,-2
PHF -9,+1,+3,-3

ROOT 9017
UHF -7,+6,-9,-1
LHF +0,+0,-7,-2
PHF -9,+1,+3,-3

ROOT 0071
UHF -7,+6,-9,-1
LHF +0,+0,-7,-2
PHF -9,+1,+3,-3

ROOT 1748
UHF -7,+6,-9,-1
LHF +0,+0,-7,-2
PHF -9,+1,+3,-3

ROOT 2956
UHF -7,+6,-9,-1
LHF +0,+0,-7,-2
PHF -9,+1,+3,-3

ROOT 7539
UHF -7,+6,-9,-1
LHF +0,+0,-7,-2
PHF -9,+1,+3,-3

ROOT 6540
UHF -7,+6,-9,-1
LHF +0,+0,-7,-2
PHF -9,+1,+3,-3

ROOT 1400
UHF -7,+6,-9,-1
LHF +0,+0,-7,-2
PHF -9,+1,+3,-3

ROOT 1649
UHF -7,+6,-9,-1
LHF +0,+0,-7,-2
PHF -9,+1,+3,-3

ROOT 0158
UHF -7,+6,-9,-1
LHF +0,+0,-7,-2
PHF -9,+1,+3,-3

ROOT 9965
UHF -7,+6,-9,-1
LHF +0,+0,-7,-2
PHF -9,+1,+3,-3

ROOT 6866
UHF -7,+6,-9,-1
LHF +0,+0,-7,-2
PHF -9,+1,+3,-3

ROOT 2065
UHF -7,+6,-9,-1
LHF +0,+0,-7,-2
PHF -9,+1,+3,-3

ROOT 2507
UHF -7,+6,-9,-1
LHF +0,+0,-7,-2
PHF -9,+1,+3,-3

ROOT 3908
UHF -7,+6,-9,-1
LHF +0,+0,-7,-2
PHF -9,+1,+3,-3

ROOT 5652
UHF -7,+6,-9,-1
LHF +0,+0,-7,-2
PHF -9,+1,+3,-3

ROOT 4857
UHF -7,+6,-9,-1
LHF +0,+0,-7,-2
PHF -9,+1,+3,-3

ROOT 1794
UHF -7,+6,-9,-1
LHF +0,+0,-7,-2
PHF -9,+1,+3,-3

ROOT 7216
UHF -7,+6,-9,-1
LHF +0,+0,-7,-2
PHF -9,+1,+3,-3

ROOT 9029
UHF -7,+6,-9,-1
LHF +0,+0,-7,-2
PHF -9,+1,+3,-3

ROOT 5119
UHF -7,+6,-9,-1
LHF +0,+0,-7,-2
PHF -9,+1,+3,-3

ROOT 4085
UHF -7,+6,-9,-1
LHF +0,+0,-7,-2
PHF -9,+1,+3,-3

ROOT 4566
UHF -7,+6,-9,-1
LHF +0,+0,-7,-2
PHF -9,+1,+3,-3

ROOT 0294
UHF -7,+6,-9,-1
LHF +0,+0,-7,-2
PHF -9,+1,+3,-3

ROOT 1921
UHF -7,+6,-9,-1
LHF +0,+0,-7,-2
PHF -9,+1,+3,-3

ROOT 3331
UHF -7,+6,-9,-1
LHF +0,+0,-7,-2
PHF -9,+1,+3,-3

ROOT 7280
UHF -7,+6,-9,-1
LHF +0,+0,-7,-2
PHF -9,+1,+3,-3

ROOT 7727
UHF -7,+6,-9,-1
LHF +0,+0,-7,-2
PHF -9,+1,+3,-3

ROOT 8897
UHF -7,+6,-9,-1
LHF +0,+0,-7,-2
PHF -9,+1,+3,-3

ROOT 9997
UHF -7,+6,-9,-1
LHF +0,+0,-7,-2
PHF -9,+1,+3,-3

ROOT 5227
UHF -7,+6,-9,-1
LHF +0,+0,-7,-2
PHF -9,+1,+3,-3

ROOT 7525
UHF -7,+6,-9,-1
LHF +0,+0,-7,-2
PHF -9,+1,+3,-3

ROOT 2721
UHF -7,+6,-9,-1
LHF +0,+0,-7,-2
PHF -9,+1,+3,-3

ROOT 0313
UHF -7,+6,-9,-1
LHF +0,+0,-7,-2
PHF -9,+1,+3,-3

ROOT 0651
UHF -7,+6,-9,-1
LHF +0,+0,-7,-2
PHF -9,+1,+3,-3

ROOT 6901
UHF -7,+6,-9,-1
LHF +0,+0,-7,-2
PHF -9,+1,+3,-3

ROOT 3323
UHF -7,+6,-9,-1
LHF +0,+0,-7,-2
PHF -9,+1,+3,-3

ROOT 0193
UHF -7,+6,-9,-1
LHF +0,+0,-7,-2
PHF -9,+1,+3,-3

ROOT 3277
UHF -7,+6,-9,-1
LHF +0,+0,-7,-2
PHF -9,+1,+3,-3

ROOT 5288
UHF -7,+6,-9,-1
LHF +0,+0,-7,-2
PHF -9,+1,+3,-3

ROOT 8163
UHF -7,+6,-9,-1
LHF +0,+0,-7,-2
PHF -9,+1,+3,-3

ROOT 7403
UHF -7,+6,-9,-1
LHF +0,+0,-7,-2
PHF -9,+1,+3,-3

ROOT 5675
UHF -7,+6,-9,-1
LHF +0,+0,-7,-2
PHF -9,+1,+3,-3

ROOT 3023
UHF -7,+6,-9,-1
LHF +0,+0,-7,-2
PHF -9,+1,+3,-3

ROOT 9082
UHF -7,+6,-9,-1
LHF +0,+0,-7,-2
PHF -9,+1,+3,-3

ROOT 1436
UHF -7,+6,-9,-1
LHF +0,+0,-7,-2
PHF -9,+1,+3,-3

ROOT 5798
UHF -7,+6,-9,-1
LHF +0,+0,-7,-2
PHF -9,+1,+3,-3

ROOT 6998
UHF -7,+6,-9,-1
LHF +0,+0,-7,-2
PHF -9,+1,+3,-3

ROOT 6416
UHF -7,+6,-9,-1
LHF +0,+0,-7,-2
PHF -9,+1,+3,-3

ROOT 1557
UHF -7,+6,-9,-1
LHF +0,+0,-7,-2
PHF -9,+1,+3,-3

ROOT 8304
UHF -7,+6,-9,-1
LHF +0,+0,-7,-2
PHF -9,+1,+3,-3

ROOT 7817
UHF -7,+6,-9,-1
LHF +0,+0,-7,-2
PHF -9,+1,+3,-3

ROOT 8566
UHF -7,+6,-9,-1
LHF +0,+0,-7,-2
PHF -9,+1,+3,-3

ROOT 5977
UHF -7,+6,-9,-1
LHF +0,+0,-7,-2
PHF -9,+1,+3,-3

ROOT 6897
UHF -7,+6,-9,-1
LHF +0,+0,-7,-2
PHF -9,+1,+3,-3

ROOT 7278
UHF -7,+6,-9,-1
LHF +0,+0,-7,-2
PHF -9,+1,+3,-3

ROOT 4038
UHF -7,+6,-9,-1
LHF +0,+0,-7,-2
PHF -9,+1,+3,-3

ROOT 4449
UHF -7,+6,-9,-1
LHF +0,+0,-7,-2
PHF -9,+1,+3,-3

ROOT 8384
UHF -7,+6,-9,-1
LHF +0,+0,-7,-2
PHF -9,+1,+3,-3

ROOT 5564
UHF -7,+6,-9,-1
LHF +0,+0,-7,-2
PHF -9,+1,+3,-3

ROOT 1689
UHF -7,+6,-9,-1
LHF +0,+0,-7,-2
PHF -9,+1,+3,-3

ROOT 4122
UHF -7,+6,-9,-1
LHF +0,+0,-7,-2
PHF -9,+1,+3,-3

ROOT 9068
UHF -7,+6,-9,-1
LHF +0,+0,-7,-2
PHF -9,+1,+3,-3

ROOT 6279
UHF -7,+6,-9,-1
LHF +0,+0,-7,-2
PHF -9,+1,+3,-3

ROOT 9839
UHF -7,+6,-9,-1
LHF +0,+0,-7,-2
PHF -9,+1,+3,-3

ROOT 9886
UHF -7,+6,-9,-1
LHF +0,+0,-7,-2
PHF -9,+1,+3,-3

ROOT 2798
UHF -7,+6,-9,-1
LHF +0,+0,-7,-2
PHF -9,+1,+3,-3

ROOT 8778
UHF -7,+6,-9,-1
LHF +0,+0,-7,-2
PHF -9,+1,+3,-3

ROOT 4614
UHF -7,+6,-9,-1
LHF +0,+0,-7,-2
PHF -9,+1,+3,-3

ROOT 5011
UHF -7,+6,-9,-1
LHF +0,+0,-7,-2
PHF -9,+1,+3,-3

ROOT 9915
UHF -7,+6,-9,-1
LHF +0,+0,-7,-2
PHF -9,+1,+3,-3

ROOT 8298
UHF -7,+6,-9,-1
LHF +0,+0,-7,-2
PHF -9,+1,+3,-3

ROOT 3968
UHF -7,+6,-9,-1
LHF +0,+0,-7,-2
PHF -9,+1,+3,-3

ROOT 8493
UHF -7,+6,-9,-1
LHF +0,+0,-7,-2
PHF -9,+1,+3,-3

ROOT 3413
UHF -7,+6,-9,-1
LHF +0,+0,-7,-2
PHF -9,+1,+3,-3

ROOT 8713
UHF -7,+6,-9,-1
LHF +0,+0,-7,-2
PHF -9,+1,+3,-3

ROOT 7057
UHF -7,+6,-9,-1
LHF +0,+0,-7,-2
PHF -9,+1,+3,-3

ROOT 3909
UHF -7,+6,-9,-1
LHF +0,+0,-7,-2
PHF -9,+1,+3,-3

ROOT 9096
UHF -7,+6,-9,-1
LHF +0,+0,-7,-2
PHF -9,+1,+3,-3

ROOT 3658
UHF -7,+6,-9,-1
LHF +0,+0,-7,-2
PHF -9,+1,+3,-3

ROOT 5521
UHF -7,+6,-9,-1
LHF +0,+0,-7,-2
PHF -9,+1,+3,-3

ROOT 0276
UHF -7,+6,-9,-1
LHF +0,+0,-7,-2
PHF -9,+1,+3,-3

ROOT 5047
UHF -7,+6,-9,-1
LHF +0,+0,-7,-2
PHF -9,+1,+3,-3

ROOT 2240
UHF -7,+6,-9,-1
LHF +0,+0,-7,-2
PHF -9,+1,+3,-3

ROOT 2310
UHF -7,+6,-9,-1
LHF +0,+0,-7,-2
PHF -9,+1,+3,-3

ROOT 3680
UHF -7,+6,-9,-1
LHF +0,+0,-7,-2
PHF -9,+1,+3,-3

ROOT 7804
UHF -7,+6,-9,-1
LHF +0,+0,-7,-2
PHF -9,+1,+3,-3

ROOT 0371
UHF -7,+6,-9,-1
LHF +0,+0,-7,-2
PHF -9,+1,+3,-3

ROOT 9461
UHF -7,+6,-9,-1
LHF +0,+0,-7,-2
PHF -9,+1,+3,-3

ROOT 9201
UHF -7,+6,-9,-1
LHF +0,+0,-7,-2
PHF -9,+1,+3,-3

ROOT 6062
UHF -7,+6,-9,-1
LHF +0,+0,-7,-2
PHF -9,+1,+3,-3

ROOT 6185
UHF -7,+6,-9,-1
LHF +0,+0,-7,-2
PHF -9,+1,+3,-3

ROOT 2770
UHF -7,+6,-9,-1
LHF +0,+0,-7,-2
PHF -9,+1,+3,-3

ROOT 4086
UHF -7,+6,-9,-1
LHF +0,+0,-7,-2
PHF -9,+1,+3,-3

ROOT 6958
UHF -7,+6,-9,-1
LHF +0,+0,-7,-2
PHF -9,+1,+3,-3

ROOT 8299
UHF -7,+6,-9,-1
LHF +0,+0,-7,-2
PHF -9,+1,+3,-3

ROOT 4300
UHF -7,+6,-9,-1
LHF +0,+0,-7,-2
PHF -9,+1,+3,-3

ROOT 2324
UHF -7,+6,-9,-1
LHF +0,+0,-7,-2
PHF -9,+1,+3,-3

ROOT 6467
UHF -7,+6,-9,-1
LHF +0,+0,-7,-2
PHF -9,+1,+3,-3

ROOT 9672
UHF -7,+6,-9,-1
LHF +0,+0,-7,-2
PHF -9,+1,+3,-3

ROOT 7610
UHF -7,+6,-9,-1
LHF +0,+0,-7,-2
PHF -9,+1,+3,-3

ROOT 4093
UHF -7,+6,-9,-1
LHF +0,+0,-7,-2
PHF -9,+1,+3,-3

ROOT 6194
UHF -7,+6,-9,-1
LHF +0,+0,-7,-2
PHF -9,+1,+3,-3

ROOT 7111
UHF -7,+6,-9,-1
LHF +0,+0,-7,-2
PHF -9,+1,+3,-3

ROOT 5764
UHF -7,+6,-9,-1
LHF +0,+0,-7,-2
PHF -9,+1,+3,-3

ROOT 6015
UHF -7,+6,-9,-1
LHF +0,+0,-7,-2
PHF -9,+1,+3,-3

ROOT 5748
UHF -7,+6,-9,-1
LHF +0,+0,-7,-2
PHF -9,+1,+3,-3

ROOT 7126
UHF -7,+6,-9,-1
LHF +0,+0,-7,-2
PHF -9,+1,+3,-3

ROOT 1331
UHF -7,+6,-9,-1
LHF +0,+0,-7,-2
PHF -9,+1,+3,-3

ROOT 8466
UHF -7,+6,-9,-1
LHF +0,+0,-7,-2
PHF -9,+1,+3,-3

ROOT 5546
UHF -7,+6,-9,-1
LHF +0,+0,-7,-2
PHF -9,+1,+3,-3

ROOT 0353
UHF -7,+6,-9,-1
LHF +0,+0,-7,-2
PHF -9,+1,+3,-3

ROOT 9974
UHF -7,+6,-9,-1
LHF +0,+0,-7,-2
PHF -9,+1,+3,-3

ROOT 8857
UHF -7,+6,-9,-1
LHF +0,+0,-7,-2
PHF -9,+1,+3,-3

ROOT 4263
UHF -7,+6,-9,-1
LHF +0,+0,-7,-2
PHF -9,+1,+3,-3

ROOT 1971
UHF -7,+6,-9,-1
LHF +0,+0,-7,-2
PHF -9,+1,+3,-3

ROOT 8151
UHF -7,+6,-9,-1
LHF +0,+0,-7,-2
PHF -9,+1,+3,-3

ROOT 1019
UHF -7,+6,-9,-1
LHF +0,+0,-7,-2
PHF -9,+1,+3,-3

ROOT 0076
UHF -7,+6,-9,-1
LHF +0,+0,-7,-2
PHF -9,+1,+3,-3

ROOT 7963
UHF -7,+6,-9,-1
LHF +0,+0,-7,-2
PHF -9,+1,+3,-3

ROOT 3656
UHF -7,+6,-9,-1
LHF +0,+0,-7,-2
PHF -9,+1,+3,-3

ROOT 7791
UHF -7,+6,-9,-1
LHF +0,+0,-7,-2
PHF -9,+1,+3,-3

ROOT 5928
UHF -7,+6,-9,-1
LHF +0,+0,-7,-2
PHF -9,+1,+3,-3

ROOT 2530
UHF -7,+6,-9,-1
LHF +0,+0,-7,-2
PHF -9,+1,+3,-3

ROOT 9702
UHF -7,+6,-9,-1
LHF +0,+0,-7,-2
PHF -9,+1,+3,-3

ROOT 6576
UHF -7,+6,-9,-1
LHF +0,+0,-7,-2
PHF -9,+1,+3,-3

ROOT 0787
UHF -7,+6,-9,-1
LHF +0,+0,-7,-2
PHF -9,+1,+3,-3

ROOT 9980
UHF -7,+6,-9,-1
LHF +0,+0,-7,-2
PHF -9,+1,+3,-3

ROOT 9095
UHF -7,+6,-9,-1
LHF +0,+0,-7,-2
PHF -9,+1,+3,-3

ROOT 5513
UHF -7,+6,-9,-1
LHF +0,+0,-7,-2
PHF -9,+1,+3,-3

ROOT 5980
UHF -7,+6,-9,-1
LHF +0,+0,-7,-2
PHF -9,+1,+3,-3

ROOT 7723
UHF -7,+6,-9,-1
LHF +0,+0,-7,-2
PHF -9,+1,+3,-3

ROOT 6908
UHF -7,+6,-9,-1
LHF +0,+0,-7,-2
PHF -9,+1,+3,-3

ROOT 8543
UHF -7,+6,-9,-1
LHF +0,+0,-7,-2
PHF -9,+1,+3,-3

ROOT 7119
UHF -7,+6,-9,-1
LHF +0,+0,-7,-2
PHF -9,+1,+3,-3

ROOT 4190
UHF -7,+6,-9,-1
LHF +0,+0,-7,-2
PHF -9,+1,+3,-3

ROOT 8355
UHF -7,+6,-9,-1
LHF +0,+0,-7,-2
PHF -9,+1,+3,-3

ROOT 9483
UHF -7,+6,-9,-1
LHF +0,+0,-7,-2
PHF -9,+1,+3,-3

ROOT 2588
UHF -7,+6,-9,-1
LHF +0,+0,-7,-2
PHF -9,+1,+3,-3

ROOT 7074
UHF -7,+6,-9,-1
LHF +0,+0,-7,-2
PHF -9,+1,+3,-3

ROOT 9247
UHF -7,+6,-9,-1
LHF +0,+0,-7,-2
PHF -9,+1,+3,-3

ROOT 6208
UHF -7,+6,-9,-1
LHF +0,+0,-7,-2
PHF -9,+1,+3,-3

ROOT 9080
UHF -7,+6,-9,-1
LHF +0,+0,-7,-2
PHF -9,+1,+3,-3

ROOT 3492
UHF -7,+6,-9,-1
LHF +0,+0,-7,-2
PHF -9,+1,+3,-3

ROOT 6240
UHF -7,+6,-9,-1
LHF +0,+0,-7,-2
PHF -9,+1,+3,-3

ROOT 2238
UHF -7,+6,-9,-1
LHF +0,+0,-7,-2
PHF -9,+1,+3,-3

ROOT 4520
UHF -7,+6,-9,-1
LHF +0,+0,-7,-2
PHF -9,+1,+3,-3

ROOT 0148
UHF -7,+6,-9,-1
LHF +0,+0,-7,-2
PHF -9,+1,+3,-3

ROOT 8795
UHF -7,+6,-9,-1
LHF +0,+0,-7,-2
PHF -9,+1,+3,-3

ROOT 5096
UHF -7,+6,-9,-1
LHF +0,+0,-7,-2
PHF -9,+1,+3,-3

ROOT 7489
UHF -7,+6,-9,-1
LHF +0,+0,-7,-2
PHF -9,+1,+3,-3

ROOT 9386
UHF -7,+6,-9,-1
LHF +0,+0,-7,-2
PHF -9,+1,+3,-3

ROOT 2469
UHF -7,+6,-9,-1
LHF +0,+0,-7,-2
PHF -9,+1,+3,-3

ROOT 3748
UHF -7,+6,-9,-1
LHF +0,+0,-7,-2
PHF -9,+1,+3,-3

ROOT 6726
UHF -7,+6,-9,-1
LHF +0,+0,-7,-2
PHF -9,+1,+3,-3

ROOT 1671
UHF -7,+6,-9,-1
LHF +0,+0,-7,-2
PHF -9,+1,+3,-3

ROOT 0430
UHF -7,+6,-9,-1
LHF +0,+0,-7,-2
PHF -9,+1,+3,-3

ROOT 4894
UHF -7,+6,-9,-1
LHF +0,+0,-7,-2
PHF -9,+1,+3,-3

ROOT 9833
UHF -7,+6,-9,-1
LHF +0,+0,-7,-2
PHF -9,+1,+3,-3

ROOT 3980
UHF -7,+6,-9,-1
LHF +0,+0,-7,-2
PHF -9,+1,+3,-3

ROOT 0338
UHF -7,+6,-9,-1
LHF +0,+0,-7,-2
PHF -9,+1,+3,-3

ROOT 6919
UHF -7,+6,-9,-1
LHF +0,+0,-7,-2
PHF -9,+1,+3,-3

ROOT 3514
UHF -7,+6,-9,-1
LHF +0,+0,-7,-2
PHF -9,+1,+3,-3

ROOT 7853
UHF -7,+6,-9,-1
LHF +0,+0,-7,-2
PHF -9,+1,+3,-3

ROOT 1488
UHF -7,+6,-9,-1
LHF +0,+0,-7,-2
PHF -9,+1,+3,-3

ROOT 2927
UHF -7,+6,-9,-1
LHF +0,+0,-7,-2
PHF -9,+1,+3,-3

ROOT 2762
UHF -7,+6,-9,-1
LHF +0,+0,-7,-2
PHF -9,+1,+3,-3

ROOT 6115
UHF -7,+6,-9,-1
LHF +0,+0,-7,-2
PHF -9,+1,+3,-3

ROOT 3497
UHF -7,+6,-9,-1
LHF +0,+0,-7,-2
PHF -9,+1,+3,-3

ROOT 5234
UHF -7,+6,-9,-1
LHF +0,+0,-7,-2
PHF -9,+1,+3,-3

ROOT 1271
UHF -7,+6,-9,-1
LHF +0,+0,-7,-2
PHF -9,+1,+3,-3

ROOT 1475
UHF -7,+6,-9,-1
LHF +0,+0,-7,-2
PHF -9,+1,+3,-3

ROOT 0969
UHF -7,+6,-9,-1
LHF +0,+0,-7,-2
PHF -9,+1,+3,-3

ROOT 7345
UHF -7,+6,-9,-1
LHF +0,+0,-7,-2
PHF -9,+1,+3,-3

ROOT 1364
UHF -7,+6,-9,-1
LHF +0,+0,-7,-2
PHF -9,+1,+3,-3

ROOT 6337
UHF -7,+6,-9,-1
LHF +0,+0,-7,-2
PHF -9,+1,+3,-3

ROOT 4222
UHF -7,+6,-9,-1
LHF +0,+0,-7,-2
PHF -9,+1,+3,-3

ROOT 4612
UHF -7,+6,-9,-1
LHF +0,+0,-7,-2
PHF -9,+1,+3,-3

ROOT 0038
UHF -7,+6,-9,-1
LHF +0,+0,-7,-2
PHF -9,+1,+3,-3

ROOT 9632
UHF -7,+6,-9,-1
LHF +0,+0,-7,-2
PHF -9,+1,+3,-3

ROOT 1511
UHF -7,+6,-9,-1
LHF +0,+0,-7,-2
PHF -9,+1,+3,-3

ROOT 8832
UHF -7,+6,-9,-1
LHF +0,+0,-7,-2
PHF -9,+1,+3,-3

ROOT 3332
UHF -7,+6,-9,-1
LHF +0,+0,-7,-2
PHF -9,+1,+3,-3

ROOT 6520
UHF -7,+6,-9,-1
LHF +0,+0,-7,-2
PHF -9,+1,+3,-3

ROOT 9572
UHF -7,+6,-9,-1
LHF +0,+0,-7,-2
PHF -9,+1,+3,-3

ROOT 3594
UHF -7,+6,-9,-1
LHF +0,+0,-7,-2
PHF -9,+1,+3,-3

ROOT 5585
UHF -7,+6,-9,-1
LHF +0,+0,-7,-2
PHF -9,+1,+3,-3

ROOT 7786
UHF -7,+6,-9,-1
LHF +0,+0,-7,-2
PHF -9,+1,+3,-3

ROOT 1384
UHF -7,+6,-9,-1
LHF +0,+0,-7,-2
PHF -9,+1,+3,-3

ROOT 0809
UHF -7,+6,-9,-1
LHF +0,+0,-7,-2
PHF -9,+1,+3,-3

ROOT 9632
UHF -7,+6,-9,-1
LHF +0,+0,-7,-2
PHF -9,+1,+3,-3

ROOT 4253
UHF -7,+6,-9,-1
LHF +0,+0,-7,-2
PHF -9,+1,+3,-3

ROOT 5244
UHF -7,+6,-9,-1
LHF +0,+0,-7,-2
PHF -9,+1,+3,-3

ROOT 5726
UHF -7,+6,-9,-1
LHF +0,+0,-7,-2
PHF -9,+1,+3,-3

ROOT 4444
UHF -7,+6,-9,-1
LHF +0,+0,-7,-2
PHF -9,+1,+3,-3

ROOT 1249
UHF -7,+6,-9,-1
LHF +0,+0,-7,-2
PHF -9,+1,+3,-3

ROOT 9556
UHF -7,+6,-9,-1
LHF +0,+0,-7,-2
PHF -9,+1,+3,-3

ROOT 0590
UHF -7,+6,-9,-1
LHF +0,+0,-7,-2
PHF -9,+1,+3,-3

ROOT 6608
UHF -7,+6,-9,-1
LHF +0,+0,-7,-2
PHF -9,+1,+3,-3

ROOT 9306
UHF -7,+6,-9,-1
LHF +0,+0,-7,-2
PHF -9,+1,+3,-3

ROOT 6502
UHF -7,+6,-9,-1
LHF +0,+0,-7,-2
PHF -9,+1,+3,-3

ROOT 8864
UHF -7,+6,-9,-1
LHF +0,+0,-7,-2
PHF -9,+1,+3,-3

ROOT 2053
UHF -7,+6,-9,-1
LHF +0,+0,-7,-2
PHF -9,+1,+3,-3

ROOT 5155
UHF -7,+6,-9,-1
LHF +0,+0,-7,-2
PHF -9,+1,+3,-3

ROOT 2304
UHF -7,+6,-9,-1
LHF +0,+0,-7,-2
PHF -9,+1,+3,-3

ROOT 3319
UHF -7,+6,-9,-1
LHF +0,+0,-7,-2
PHF -9,+1,+3,-3

ROOT 5608
UHF -7,+6,-9,-1
LHF +0,+0,-7,-2
PHF -9,+1,+3,-3

ROOT 7629
UHF -7,+6,-9,-1
LHF +0,+0,-7,-2
PHF -9,+1,+3,-3

ROOT 9310
UHF -7,+6,-9,-1
LHF +0,+0,-7,-2
PHF -9,+1,+3,-3

ROOT 3716
UHF -7,+6,-9,-1
LHF +0,+0,-7,-2
PHF -9,+1,+3,-3

ROOT 4763
UHF -7,+6,-9,-1
LHF +0,+0,-7,-2
PHF -9,+1,+3,-3

ROOT 0636
UHF -7,+6,-9,-1
LHF +0,+0,-7,-2
PHF -9,+1,+3,-3

ROOT 7519
UHF -7,+6,-9,-1
LHF +0,+0,-7,-2
PHF -9,+1,+3,-3

ROOT 0239
UHF -7,+6,-9,-1
LHF +0,+0,-7,-2
PHF -9,+1,+3,-3

ROOT 8923
UHF -7,+6,-9,-1
LHF +0,+0,-7,-2
PHF -9,+1,+3,-3

ROOT 7627
UHF -7,+6,-9,-1
LHF +0,+0,-7,-2
PHF -9,+1,+3,-3

ROOT 6781
UHF -7,+6,-9,-1
LHF +0,+0,-7,-2
PHF -9,+1,+3,-3

ROOT 8736
UHF -7,+6,-9,-1
LHF +0,+0,-7,-2
PHF -9,+1,+3,-3

ROOT 1386
UHF -7,+6,-9,-1
LHF +0,+0,-7,-2
PHF -9,+1,+3,-3

ROOT 4229
UHF -7,+6,-9,-1
LHF +0,+0,-7,-2
PHF -9,+1,+3,-3

ROOT 9441
UHF -7,+6,-9,-1
LHF +0,+0,-7,-2
PHF -9,+1,+3,-3

ROOT 6264
UHF -7,+6,-9,-1
LHF +0,+0,-7,-2
PHF -9,+1,+3,-3

ROOT 2914
UHF -7,+6,-9,-1
LHF +0,+0,-7,-2
PHF -9,+1,+3,-3

ROOT 2847
UHF -7,+6,-9,-1
LHF +0,+0,-7,-2
PHF -9,+1,+3,-3

ROOT 0375
UHF -7,+6,-9,-1
LHF +0,+0,-7,-2
PHF -9,+1,+3,-3

ROOT 1642
UHF -7,+6,-9,-1
LHF +0,+0,-7,-2
PHF -9,+1,+3,-3

ROOT 8574
UHF -7,+6,-9,-1
LHF +0,+0,-7,-2
PHF -9,+1,+3,-3

ROOT 6443
UHF -7,+6,-9,-1
LHF +0,+0,-7,-2
PHF -9,+1,+3,-3

ROOT 7172
UHF -7,+6,-9,-1
LHF +0,+0,-7,-2
PHF -9,+1,+3,-3

ROOT 3319
UHF -7,+6,-9,-1
LHF +0,+0,-7,-2
PHF -9,+1,+3,-3

ROOT 3755
UHF -7,+6,-9,-1
LHF +0,+0,-7,-2
PHF -9,+1,+3,-3

ROOT 6065
UHF -7,+6,-9,-1
LHF +0,+0,-7,-2
PHF -9,+1,+3,-3

ROOT 4662
UHF -7,+6,-9,-1
LHF +0,+0,-7,-2
PHF -9,+1,+3,-3

ROOT 5700
UHF -7,+6,-9,-1
LHF +0,+0,-7,-2
PHF -9,+1,+3,-3

ROOT 6166
UHF -7,+6,-9,-1
LHF +0,+0,-7,-2
PHF -9,+1,+3,-3

ROOT 4590
UHF -7,+6,-9,-1
LHF +0,+0,-7,-2
PHF -9,+1,+3,-3

ROOT 9209
UHF -7,+6,-9,-1
LHF +0,+0,-7,-2
PHF -9,+1,+3,-3

ROOT 0528
UHF -7,+6,-9,-1
LHF +0,+0,-7,-2
PHF -9,+1,+3,-3

ROOT 2438
UHF -7,+6,-9,-1
LHF +0,+0,-7,-2
PHF -9,+1,+3,-3

ROOT 8739
UHF -7,+6,-9,-1
LHF +0,+0,-7,-2
PHF -9,+1,+3,-3

ROOT 9709
UHF -7,+6,-9,-1
LHF +0,+0,-7,-2
PHF -9,+1,+3,-3

ROOT 1716
UHF -7,+6,-9,-1
LHF +0,+0,-7,-2
PHF -9,+1,+3,-3

ROOT 6915
UHF -7,+6,-9,-1
LHF +0,+0,-7,-2
PHF -9,+1,+3,-3

ROOT 4758
UHF -7,+6,-9,-1
LHF +0,+0,-7,-2
PHF -9,+1,+3,-3

ROOT 2456
UHF -7,+6,-9,-1
LHF +0,+0,-7,-2
PHF -9,+1,+3,-3

ROOT 9047
UHF -7,+6,-9,-1
LHF +0,+0,-7,-2
PHF -9,+1,+3,-3

ROOT 5411
UHF -7,+6,-9,-1
LHF +0,+0,-7,-2
PHF -9,+1,+3,-3

ROOT 2075
UHF -7,+6,-9,-1
LHF +0,+0,-7,-2
PHF -9,+1,+3,-3

ROOT 2694
UHF -7,+6,-9,-1
LHF +0,+0,-7,-2
PHF -9,+1,+3,-3

ROOT 9460
UHF -7,+6,-9,-1
LHF +0,+0,-7,-2
PHF -9,+1,+3,-3

ROOT 8505
UHF -7,+6,-9,-1
LHF +0,+0,-7,-2
PHF -9,+1,+3,-3

ROOT 0426
UHF -7,+6,-9,-1
LHF +0,+0,-7,-2
PHF -9,+1,+3,-3

ROOT 7243
UHF -7,+6,-9,-1
LHF +0,+0,-7,-2
PHF -9,+1,+3,-3

ROOT 0227
UHF -7,+6,-9,-1
LHF +0,+0,-7,-2
PHF -9,+1,+3,-3

ROOT 2339
UHF -7,+6,-9,-1
LHF +0,+0,-7,-2
PHF -9,+1,+3,-3

ROOT 7755
UHF -7,+6,-9,-1
LHF +0,+0,-7,-2
PHF -9,+1,+3,-3

ROOT 7363
UHF -7,+6,-9,-1
LHF +0,+0,-7,-2
PHF -9,+1,+3,-3

ROOT 5111
UHF -7,+6,-9,-1
LHF +0,+0,-7,-2
PHF -9,+1,+3,-3

ROOT 9418
UHF -7,+6,-9,-1
LHF +0,+0,-7,-2
PHF -9,+1,+3,-3

ROOT 8810
UHF -7,+6,-9,-1
LHF +0,+0,-7,-2
PHF -9,+1,+3,-3

ROOT 5832
UHF -7,+6,-9,-1
LHF +0,+0,-7,-2
PHF -9,+1,+3,-3

ROOT 8060
UHF -7,+6,-9,-1
LHF +0,+0,-7,-2
PHF -9,+1,+3,-3

ROOT 1476
UHF -7,+6,-9,-1
LHF +0,+0,-7,-2
PHF -9,+1,+3,-3

ROOT 3831
UHF -7,+6,-9,-1
LHF +0,+0,-7,-2
PHF -9,+1,+3,-3

ROOT 7231
UHF -7,+6,-9,-1
LHF +0,+0,-7,-2
PHF -9,+1,+3,-3

ROOT 0234
UHF -7,+6,-9,-1
LHF +0,+0,-7,-2
PHF -9,+1,+3,-3

ROOT 8566
UHF -7,+6,-9,-1
LHF +0,+0,-7,-2
PHF -9,+1,+3,-3

ROOT 3062
UHF -7,+6,-9,-1
LHF +0,+0,-7,-2
PHF -9,+1,+3,-3

ROOT 3172
UHF -7,+6,-9,-1
LHF +0,+0,-7,-2
PHF -9,+1,+3,-3

ROOT 4757
UHF -7,+6,-9,-1
LHF +0,+0,-7,-2
PHF -9,+1,+3,-3

ROOT 9634
UHF -7,+6,-9,-1
LHF +0,+0,-7,-2
PHF -9,+1,+3,-3

ROOT 5847
UHF -7,+6,-9,-1
LHF +0,+0,-7,-2
PHF -9,+1,+3,-3

ROOT 2555
UHF -7,+6,-9,-1
LHF +0,+0,-7,-2
PHF -9,+1,+3,-3

ROOT 8478
UHF -7,+6,-9,-1
LHF +0,+0,-7,-2
PHF -9,+1,+3,-3

ROOT 4853
UHF -7,+6,-9,-1
LHF +0,+0,-7,-2
PHF -9,+1,+3,-3

ROOT 6291
UHF -7,+6,-9,-1
LHF +0,+0,-7,-2
PHF -9,+1,+3,-3

ROOT 6768
UHF -7,+6,-9,-1
LHF +0,+0,-7,-2
PHF -9,+1,+3,-3

ROOT 0416
UHF -7,+6,-9,-1
LHF +0,+0,-7,-2
PHF -9,+1,+3,-3

ROOT 8894
UHF -7,+6,-9,-1
LHF +0,+0,-7,-2
PHF -9,+1,+3,-3

ROOT 6227
UHF -7,+6,-9,-1
LHF +0,+0,-7,-2
PHF -9,+1,+3,-3

ROOT 8864
UHF -7,+6,-9,-1
LHF +0,+0,-7,-2
PHF -9,+1,+3,-3

ROOT 6613
UHF -7,+6,-9,-1
LHF +0,+0,-7,-2
PHF -9,+1,+3,-3

ROOT 8161
UHF -7,+6,-9,-1
LHF +0,+0,-7,-2
PHF -9,+1,+3,-3

ROOT 8205
UHF -7,+6,-9,-1
LHF +0,+0,-7,-2
PHF -9,+1,+3,-3

ROOT 7542
UHF -7,+6,-9,-1
LHF +0,+0,-7,-2
PHF -9,+1,+3,-3

ROOT 2983
UHF -7,+6,-9,-1
LHF +0,+0,-7,-2
PHF -9,+1,+3,-3

ROOT 9803
UHF -7,+6,-9,-1
LHF +0,+0,-7,-2
PHF -9,+1,+3,-3

ROOT 5735
UHF -7,+6,-9,-1
LHF +0,+0,-7,-2
PHF -9,+1,+3,-3

ROOT 8763
UHF -7,+6,-9,-1
LHF +0,+0,-7,-2
PHF -9,+1,+3,-3

ROOT 7410
UHF -7,+6,-9,-1
LHF +0,+0,-7,-2
PHF -9,+1,+3,-3

ROOT 1006
UHF -7,+6,-9,-1
LHF +0,+0,-7,-2
PHF -9,+1,+3,-3

ROOT 3136
UHF -7,+6,-9,-1
LHF +0,+0,-7,-2
PHF -9,+1,+3,-3

ROOT 8456
UHF -7,+6,-9,-1
LHF +0,+0,-7,-2
PHF -9,+1,+3,-3

ROOT 9867
UHF -7,+6,-9,-1
LHF +0,+0,-7,-2
PHF -9,+1,+3,-3

ROOT 9705
UHF -7,+6,-9,-1
LHF +0,+0,-7,-2
PHF -9,+1,+3,-3

ROOT 5407
UHF -7,+6,-9,-1
LHF +0,+0,-7,-2
PHF -9,+1,+3,-3

ROOT 1031
UHF -7,+6,-9,-1
LHF +0,+0,-7,-2
PHF -9,+1,+3,-3

ROOT 0123
UHF -7,+6,-9,-1
LHF +0,+0,-7,-2
PHF -9,+1,+3,-3

ROOT 0670
UHF -7,+6,-9,-1
LHF +0,+0,-7,-2
PHF -9,+1,+3,-3

ROOT 8915
UHF -7,+6,-9,-1
LHF +0,+0,-7,-2
PHF -9,+1,+3,-3

ROOT 0834
UHF -7,+6,-9,-1
LHF +0,+0,-7,-2
PHF -9,+1,+3,-3

ROOT 9862
UHF -7,+6,-9,-1
LHF +0,+0,-7,-2
PHF -9,+1,+3,-3

ROOT 4802
UHF -7,+6,-9,-1
LHF +0,+0,-7,-2
PHF -9,+1,+3,-3

ROOT 4994
UHF -7,+6,-9,-1
LHF +0,+0,-7,-2
PHF -9,+1,+3,-3

ROOT 6179
UHF -7,+6,-9,-1
LHF +0,+0,-7,-2
PHF -9,+1,+3,-3

ROOT 2698
UHF -7,+6,-9,-1
LHF +0,+0,-7,-2
PHF -9,+1,+3,-3

ROOT 7931
UHF -7,+6,-9,-1
LHF +0,+0,-7,-2
PHF -9,+1,+3,-3

ROOT 2515
UHF -7,+6,-9,-1
LHF +0,+0,-7,-2
PHF -9,+1,+3,-3

ROOT 3499
UHF -7,+6,-9,-1
LHF +0,+0,-7,-2
PHF -9,+1,+3,-3

ROOT 7228
UHF -7,+6,-9,-1
LHF +0,+0,-7,-2
PHF -9,+1,+3,-3

ROOT 8711
UHF -7,+6,-9,-1
LHF +0,+0,-7,-2
PHF -9,+1,+3,-3

ROOT 1633
UHF -7,+6,-9,-1
LHF +0,+0,-7,-2
PHF -9,+1,+3,-3

ROOT 6430
UHF -7,+6,-9,-1
LHF +0,+0,-7,-2
PHF -9,+1,+3,-3

ROOT 8321
UHF -7,+6,-9,-1
LHF +0,+0,-7,-2
PHF -9,+1,+3,-3

ROOT 5701
UHF -7,+6,-9,-1
LHF +0,+0,-7,-2
PHF -9,+1,+3,-3

ROOT 4691
UHF -7,+6,-9,-1
LHF +0,+0,-7,-2
PHF -9,+1,+3,-3

ROOT 9982
UHF -7,+6,-9,-1
LHF +0,+0,-7,-2
PHF -9,+1,+3,-3

ROOT 5959
UHF -7,+6,-9,-1
LHF +0,+0,-7,-2
PHF -9,+1,+3,-3

ROOT 8794
UHF -7,+6,-9,-1
LHF +0,+0,-7,-2
PHF -9,+1,+3,-3

ROOT 4060
UHF -7,+6,-9,-1
LHF +0,+0,-7,-2
PHF -9,+1,+3,-3

ROOT 7587
UHF -7,+6,-9,-1
LHF +0,+0,-7,-2
PHF -9,+1,+3,-3

ROOT 7283
UHF -7,+6,-9,-1
LHF +0,+0,-7,-2
PHF -9,+1,+3,-3

ROOT 2987
UHF -7,+6,-9,-1
LHF +0,+0,-7,-2
PHF -9,+1,+3,-3

ROOT 3262
UHF -7,+6,-9,-1
LHF +0,+0,-7,-2
PHF -9,+1,+3,-3

ROOT 3702
UHF -7,+6,-9,-1
LHF +0,+0,-7,-2
PHF -9,+1,+3,-3

ROOT 3568
UHF -7,+6,-9,-1
LHF +0,+0,-7,-2
PHF -9,+1,+3,-3

ROOT 5861
UHF -7,+6,-9,-1
LHF +0,+0,-7,-2
PHF -9,+1,+3,-3

ROOT 8811
UHF -7,+6,-9,-1
LHF +0,+0,-7,-2
PHF -9,+1,+3,-3

ROOT 3848
UHF -7,+6,-9,-1
LHF +0,+0,-7,-2
PHF -9,+1,+3,-3

ROOT 5235
UHF -7,+6,-9,-1
LHF +0,+0,-7,-2
PHF -9,+1,+3,-3

ROOT 5410
UHF -7,+6,-9,-1
LHF +0,+0,-7,-2
PHF -9,+1,+3,-3

ROOT 3025
UHF -7,+6,-9,-1
LHF +0,+0,-7,-2
PHF -9,+1,+3,-3

ROOT 8028
UHF -7,+6,-9,-1
LHF +0,+0,-7,-2
PHF -9,+1,+3,-3

ROOT 8058
UHF -7,+6,-9,-1
LHF +0,+0,-7,-2
PHF -9,+1,+3,-3

ROOT 1784
UHF -7,+6,-9,-1
LHF +0,+0,-7,-2
PHF -9,+1,+3,-3

ROOT 1869
UHF -7,+6,-9,-1
LHF +0,+0,-7,-2
PHF -9,+1,+3,-3

ROOT 7663
UHF -7,+6,-9,-1
LHF +0,+0,-7,-2
PHF -9,+1,+3,-3

ROOT 3470
UHF -7,+6,-9,-1
LHF +0,+0,-7,-2
PHF -9,+1,+3,-3

ROOT 6052
UHF -7,+6,-9,-1
LHF +0,+0,-7,-2
PHF -9,+1,+3,-3

ROOT 9373
UHF -7,+6,-9,-1
LHF +0,+0,-7,-2
PHF -9,+1,+3,-3

ROOT 4969
UHF -7,+6,-9,-1
LHF +0,+0,-7,-2
PHF -9,+1,+3,-3

ROOT 5663
UHF -7,+6,-9,-1
LHF +0,+0,-7,-2
PHF -9,+1,+3,-3

ROOT 0078
UHF -7,+6,-9,-1
LHF +0,+0,-7,-2
PHF -9,+1,+3,-3

ROOT 4994
UHF -7,+6,-9,-1
LHF +0,+0,-7,-2
PHF -9,+1,+3,-3

ROOT 9620
UHF -7,+6,-9,-1
LHF +0,+0,-7,-2
PHF -9,+1,+3,-3

ROOT 8167
UHF -7,+6,-9,-1
LHF +0,+0,-7,-2
PHF -9,+1,+3,-3

ROOT 2955
UHF -7,+6,-9,-1
LHF +0,+0,-7,-2
PHF -9,+1,+3,-3

ROOT 5475
UHF -7,+6,-9,-1
LHF +0,+0,-7,-2
PHF -9,+1,+3,-3

ROOT 1188
UHF -7,+6,-9,-1
LHF +0,+0,-7,-2
PHF -9,+1,+3,-3

ROOT 6379
UHF -7,+6,-9,-1
LHF +0,+0,-7,-2
PHF -9,+1,+3,-3

ROOT 1002
UHF -7,+6,-9,-1
LHF +0,+0,-7,-2
PHF -9,+1,+3,-3

ROOT 6260
UHF -7,+6,-9,-1
LHF +0,+0,-7,-2
PHF -9,+1,+3,-3

ROOT 4520
UHF -7,+6,-9,-1
LHF +0,+0,-7,-2
PHF -9,+1,+3,-3

ROOT 7649
UHF -7,+6,-9,-1
LHF +0,+0,-7,-2
PHF -9,+1,+3,-3

ROOT 0886
UHF -7,+6,-9,-1
LHF +0,+0,-7,-2
PHF -9,+1,+3,-3

ROOT 6382
UHF -7,+6,-9,-1
LHF +0,+0,-7,-2
PHF -9,+1,+3,-3

ROOT 2180
UHF -7,+6,-9,-1
LHF +0,+0,-7,-2
PHF -9,+1,+3,-3

ROOT 9128
UHF -7,+6,-9,-1
LHF +0,+0,-7,-2
PHF -9,+1,+3,-3

ROOT 2092
UHF -7,+6,-9,-1
LHF +0,+0,-7,-2
PHF -9,+1,+3,-3

ROOT 7737
UHF -7,+6,-9,-1
LHF +0,+0,-7,-2
PHF -9,+1,+3,-3

ROOT 1564
UHF -7,+6,-9,-1
LHF +0,+0,-7,-2
PHF -9,+1,+3,-3

ROOT 7994
UHF -7,+6,-9,-1
LHF +0,+0,-7,-2
PHF -9,+1,+3,-3

ROOT 6363
UHF -7,+6,-9,-1
LHF +0,+0,-7,-2
PHF -9,+1,+3,-3

ROOT 4424
UHF -7,+6,-9,-1
LHF +0,+0,-7,-2
PHF -9,+1,+3,-3

ROOT 3460
UHF -7,+6,-9,-1
LHF +0,+0,-7,-2
PHF -9,+1,+3,-3

ROOT 3013
UHF -7,+6,-9,-1
LHF +0,+0,-7,-2
PHF -9,+1,+3,-3

ROOT 4864
UHF -7,+6,-9,-1
LHF +0,+0,-7,-2
PHF -9,+1,+3,-3

ROOT 8716
UHF -7,+6,-9,-1
LHF +0,+0,-7,-2
PHF -9,+1,+3,-3

ROOT 5202
UHF -7,+6,-9,-1
LHF +0,+0,-7,-2
PHF -9,+1,+3,-3

ROOT 5032
UHF -7,+6,-9,-1
LHF +0,+0,-7,-2
PHF -9,+1,+3,-3

ROOT 9462
UHF -7,+6,-9,-1
LHF +0,+0,-7,-2
PHF -9,+1,+3,-3

ROOT 8031
UHF -7,+6,-9,-1
LHF +0,+0,-7,-2
PHF -9,+1,+3,-3

ROOT 3026
UHF -7,+6,-9,-1
LHF +0,+0,-7,-2
PHF -9,+1,+3,-3

ROOT 0241
UHF -7,+6,-9,-1
LHF +0,+0,-7,-2
PHF -9,+1,+3,-3

ROOT 4936
UHF -7,+6,-9,-1
LHF +0,+0,-7,-2
PHF -9,+1,+3,-3

ROOT 3512
UHF -7,+6,-9,-1
LHF +0,+0,-7,-2
PHF -9,+1,+3,-3

ROOT 1376
UHF -7,+6,-9,-1
LHF +0,+0,-7,-2
PHF -9,+1,+3,-3

ROOT 2459
UHF -7,+6,-9,-1
LHF +0,+0,-7,-2
PHF -9,+1,+3,-3

ROOT 9761
UHF -7,+6,-9,-1
LHF +0,+0,-7,-2
PHF -9,+1,+3,-3

ROOT 3801
UHF -7,+6,-9,-1
LHF +0,+0,-7,-2
PHF -9,+1,+3,-3

ROOT 8732
UHF -7,+6,-9,-1
LHF +0,+0,-7,-2
PHF -9,+1,+3,-3

ROOT 5120
UHF -7,+6,-9,-1
LHF +0,+0,-7,-2
PHF -9,+1,+3,-3

ROOT 9225
UHF -7,+6,-9,-1
LHF +0,+0,-7,-2
PHF -9,+1,+3,-3

ROOT 9737
UHF -7,+6,-9,-1
LHF +0,+0,-7,-2
PHF -9,+1,+3,-3

ROOT 5936
UHF -7,+6,-9,-1
LHF +0,+0,-7,-2
PHF -9,+1,+3,-3

ROOT 5670
UHF -7,+6,-9,-1
LHF +0,+0,-7,-2
PHF -9,+1,+3,-3

ROOT 5365
UHF -7,+6,-9,-1
LHF +0,+0,-7,-2
PHF -9,+1,+3,-3

ROOT 4015
UHF -7,+6,-9,-1
LHF +0,+0,-7,-2
PHF -9,+1,+3,-3

ROOT 8673
UHF -7,+6,-9,-1
LHF +0,+0,-7,-2
PHF -9,+1,+3,-3

ROOT 3690
UHF -7,+6,-9,-1
LHF +0,+0,-7,-2
PHF -9,+1,+3,-3

ROOT 4639
UHF -7,+6,-9,-1
LHF +0,+0,-7,-2
PHF -9,+1,+3,-3

ROOT 6723
UHF -7,+6,-9,-1
LHF +0,+0,-7,-2
PHF -9,+1,+3,-3

ROOT 6273
UHF -7,+6,-9,-1
LHF +0,+0,-7,-2
PHF -9,+1,+3,-3

ROOT 5649
UHF -7,+6,-9,-1
LHF +0,+0,-7,-2
PHF -9,+1,+3,-3

ROOT 5727
UHF -7,+6,-9,-1
LHF +0,+0,-7,-2
PHF -9,+1,+3,-3

ROOT 4916
UHF -7,+6,-9,-1
LHF +0,+0,-7,-2
PHF -9,+1,+3,-3

ROOT 3631
UHF -7,+6,-9,-1
LHF +0,+0,-7,-2
PHF -9,+1,+3,-3

ROOT 3891
UHF -7,+6,-9,-1
LHF +0,+0,-7,-2
PHF -9,+1,+3,-3

ROOT 5126
UHF -7,+6,-9,-1
LHF +0,+0,-7,-2
PHF -9,+1,+3,-3

ROOT 3286
UHF -7,+6,-9,-1
LHF +0,+0,-7,-2
PHF -9,+1,+3,-3

ROOT 9381
UHF -7,+6,-9,-1
LHF +0,+0,-7,-2
PHF -9,+1,+3,-3

ROOT 4918
UHF -7,+6,-9,-1
LHF +0,+0,-7,-2
PHF -9,+1,+3,-3

ROOT 4329
UHF -7,+6,-9,-1
LHF +0,+0,-7,-2
PHF -9,+1,+3,-3

ROOT 9872
UHF -7,+6,-9,-1
LHF +0,+0,-7,-2
PHF -9,+1,+3,-3

ROOT 1520
UHF -7,+6,-9,-1
LHF +0,+0,-7,-2
PHF -9,+1,+3,-3

ROOT 6286
UHF -7,+6,-9,-1
LHF +0,+0,-7,-2
PHF -9,+1,+3,-3

ROOT 5733
UHF -7,+6,-9,-1
LHF +0,+0,-7,-2
PHF -9,+1,+3,-3

ROOT 7615
UHF -7,+6,-9,-1
LHF +0,+0,-7,-2
PHF -9,+1,+3,-3

ROOT 3360
UHF -7,+6,-9,-1
LHF +0,+0,-7,-2
PHF -9,+1,+3,-3

ROOT 3842
UHF -7,+6,-9,-1
LHF +0,+0,-7,-2
PHF -9,+1,+3,-3

ROOT 1575
UHF -7,+6,-9,-1
LHF +0,+0,-7,-2
PHF -9,+1,+3,-3

ROOT 4347
UHF -7,+6,-9,-1
LHF +0,+0,-7,-2
PHF -9,+1,+3,-3

ROOT 3885
UHF -7,+6,-9,-1
LHF +0,+0,-7,-2
PHF -9,+1,+3,-3

ROOT 6247
UHF -7,+6,-9,-1
LHF +0,+0,-7,-2
PHF -9,+1,+3,-3

ROOT 8149
UHF -7,+6,-9,-1
LHF +0,+0,-7,-2
PHF -9,+1,+3,-3

ROOT 5939
UHF -7,+6,-9,-1
LHF +0,+0,-7,-2
PHF -9,+1,+3,-3

ROOT 0935
UHF -7,+6,-9,-1
LHF +0,+0,-7,-2
PHF -9,+1,+3,-3

ROOT 3134
UHF -7,+6,-9,-1
LHF +0,+0,-7,-2
PHF -9,+1,+3,-3

ROOT 0333
UHF -7,+6,-9,-1
LHF +0,+0,-7,-2
PHF -9,+1,+3,-3

ROOT 8551
UHF -7,+6,-9,-1
LHF +0,+0,-7,-2
PHF -9,+1,+3,-3

ROOT 2658
UHF -7,+6,-9,-1
LHF +0,+0,-7,-2
PHF -9,+1,+3,-3

ROOT 0074
UHF -7,+6,-9,-1
LHF +0,+0,-7,-2
PHF -9,+1,+3,-3

ROOT 4646
UHF -7,+6,-9,-1
LHF +0,+0,-7,-2
PHF -9,+1,+3,-3

ROOT 2960
UHF -7,+6,-9,-1
LHF +0,+0,-7,-2
PHF -9,+1,+3,-3

ROOT 0355
UHF -7,+6,-9,-1
LHF +0,+0,-7,-2
PHF -9,+1,+3,-3

ROOT 9970
UHF -7,+6,-9,-1
LHF +0,+0,-7,-2
PHF -9,+1,+3,-3

ROOT 3258
UHF -7,+6,-9,-1
LHF +0,+0,-7,-2
PHF -9,+1,+3,-3

ROOT 2769
UHF -7,+6,-9,-1
LHF +0,+0,-7,-2
PHF -9,+1,+3,-3

ROOT 7535
UHF -7,+6,-9,-1
LHF +0,+0,-7,-2
PHF -9,+1,+3,-3

ROOT 6378
UHF -7,+6,-9,-1
LHF +0,+0,-7,-2
PHF -9,+1,+3,-3

ROOT 6012
UHF -7,+6,-9,-1
LHF +0,+0,-7,-2
PHF -9,+1,+3,-3

ROOT 2596
UHF -7,+6,-9,-1
LHF +0,+0,-7,-2
PHF -9,+1,+3,-3

ROOT 1560
UHF -7,+6,-9,-1
LHF +0,+0,-7,-2
PHF -9,+1,+3,-3

ROOT 4574
UHF -7,+6,-9,-1
LHF +0,+0,-7,-2
PHF -9,+1,+3,-3

ROOT 7263
UHF -7,+6,-9,-1
LHF +0,+0,-7,-2
PHF -9,+1,+3,-3

ROOT 2549
UHF -7,+6,-9,-1
LHF +0,+0,-7,-2
PHF -9,+1,+3,-3

ROOT 4083
UHF -7,+6,-9,-1
LHF +0,+0,-7,-2
PHF -9,+1,+3,-3

ROOT 1464
UHF -7,+6,-9,-1
LHF +0,+0,-7,-2
PHF -9,+1,+3,-3

ROOT 5804
UHF -7,+6,-9,-1
LHF +0,+0,-7,-2
PHF -9,+1,+3,-3

ROOT 8747
UHF -7,+6,-9,-1
LHF +0,+0,-7,-2
PHF -9,+1,+3,-3

ROOT 9276
UHF -7,+6,-9,-1
LHF +0,+0,-7,-2
PHF -9,+1,+3,-3

ROOT 9511
UHF -7,+6,-9,-1
LHF +0,+0,-7,-2
PHF -9,+1,+3,-3

ROOT 0928
UHF -7,+6,-9,-1
LHF +0,+0,-7,-2
PHF -9,+1,+3,-3

ROOT 4427
UHF -7,+6,-9,-1
LHF +0,+0,-7,-2
PHF -9,+1,+3,-3

ROOT 8873
UHF -7,+6,-9,-1
LHF +0,+0,-7,-2
PHF -9,+1,+3,-3

ROOT 5536
UHF -7,+6,-9,-1
LHF +0,+0,-7,-2
PHF -9,+1,+3,-3

ROOT 6326
UHF -7,+6,-9,-1
LHF +0,+0,-7,-2
PHF -9,+1,+3,-3

ROOT 2401
UHF -7,+6,-9,-1
LHF +0,+0,-7,-2
PHF -9,+1,+3,-3

ROOT 3991
UHF -7,+6,-9,-1
LHF +0,+0,-7,-2
PHF -9,+1,+3,-3

ROOT 9087
UHF -7,+6,-9,-1
LHF +0,+0,-7,-2
PHF -9,+1,+3,-3

ROOT 7473
UHF -7,+6,-9,-1
LHF +0,+0,-7,-2
PHF -9,+1,+3,-3

ROOT 6162
UHF -7,+6,-9,-1
LHF +0,+0,-7,-2
PHF -9,+1,+3,-3

ROOT 0325
UHF -7,+6,-9,-1
LHF +0,+0,-7,-2
PHF -9,+1,+3,-3

ROOT 1962
UHF -7,+6,-9,-1
LHF +0,+0,-7,-2
PHF -9,+1,+3,-3

ROOT 2146
UHF -7,+6,-9,-1
LHF +0,+0,-7,-2
PHF -9,+1,+3,-3

ROOT 7923
UHF -7,+6,-9,-1
LHF +0,+0,-7,-2
PHF -9,+1,+3,-3

ROOT 4109
UHF -7,+6,-9,-1
LHF +0,+0,-7,-2
PHF -9,+1,+3,-3

ROOT 0186
UHF -7,+6,-9,-1
LHF +0,+0,-7,-2
PHF -9,+1,+3,-3

ROOT 7598
UHF -7,+6,-9,-1
LHF +0,+0,-7,-2
PHF -9,+1,+3,-3

ROOT 0293
UHF -7,+6,-9,-1
LHF +0,+0,-7,-2
PHF -9,+1,+3,-3

ROOT 3845
UHF -7,+6,-9,-1
LHF +0,+0,-7,-2
PHF -9,+1,+3,-3

ROOT 4790
UHF -7,+6,-9,-1
LHF +0,+0,-7,-2
PHF -9,+1,+3,-3

ROOT 1794
UHF -7,+6,-9,-1
LHF +0,+0,-7,-2
PHF -9,+1,+3,-3

ROOT 5640
UHF -7,+6,-9,-1
LHF +0,+0,-7,-2
PHF -9,+1,+3,-3

ROOT 4892
UHF -7,+6,-9,-1
LHF +0,+0,-7,-2
PHF -9,+1,+3,-3

ROOT 1498
UHF -7,+6,-9,-1
LHF +0,+0,-7,-2
PHF -9,+1,+3,-3

ROOT 7922
UHF -7,+6,-9,-1
LHF +0,+0,-7,-2
PHF -9,+1,+3,-3

ROOT 7310
UHF -7,+6,-9,-1
LHF +0,+0,-7,-2
PHF -9,+1,+3,-3

ROOT 0133
UHF -7,+6,-9,-1
LHF +0,+0,-7,-2
PHF -9,+1,+3,-3

ROOT 8962
UHF -7,+6,-9,-1
LHF +0,+0,-7,-2
PHF -9,+1,+3,-3

ROOT 3093
UHF -7,+6,-9,-1
LHF +0,+0,-7,-2
PHF -9,+1,+3,-3

ROOT 3636
UHF -7,+6,-9,-1
LHF +0,+0,-7,-2
PHF -9,+1,+3,-3

ROOT 8988
UHF -7,+6,-9,-1
LHF +0,+0,-7,-2
PHF -9,+1,+3,-3

ROOT 5374
UHF -7,+6,-9,-1
LHF +0,+0,-7,-2
PHF -9,+1,+3,-3

ROOT 0159
UHF -7,+6,-9,-1
LHF +0,+0,-7,-2
PHF -9,+1,+3,-3

ROOT 7587
UHF -7,+6,-9,-1
LHF +0,+0,-7,-2
PHF -9,+1,+3,-3

ROOT 3540
UHF -7,+6,-9,-1
LHF +0,+0,-7,-2
PHF -9,+1,+3,-3

ROOT 6012
UHF -7,+6,-9,-1
LHF +0,+0,-7,-2
PHF -9,+1,+3,-3

ROOT 1812
UHF -7,+6,-9,-1
LHF +0,+0,-7,-2
PHF -9,+1,+3,-3

ROOT 4641
UHF -7,+6,-9,-1
LHF +0,+0,-7,-2
PHF -9,+1,+3,-3

ROOT 6839
UHF -7,+6,-9,-1
LHF +0,+0,-7,-2
PHF -9,+1,+3,-3

ROOT 3385
UHF -7,+6,-9,-1
LHF +0,+0,-7,-2
PHF -9,+1,+3,-3

ROOT 9387
UHF -7,+6,-9,-1
LHF +0,+0,-7,-2
PHF -9,+1,+3,-3

ROOT 7709
UHF -7,+6,-9,-1
LHF +0,+0,-7,-2
PHF -9,+1,+3,-3

ROOT 9958
UHF -7,+6,-9,-1
LHF +0,+0,-7,-2
PHF -9,+1,+3,-3

ROOT 8724
UHF -7,+6,-9,-1
LHF +0,+0,-7,-2
PHF -9,+1,+3,-3

ROOT 5883
UHF -7,+6,-9,-1
LHF +0,+0,-7,-2
PHF -9,+1,+3,-3

ROOT 0228
UHF -7,+6,-9,-1
LHF +0,+0,-7,-2
PHF -9,+1,+3,-3

ROOT 6323
UHF -7,+6,-9,-1
LHF +0,+0,-7,-2
PHF -9,+1,+3,-3

ROOT 8523
UHF -7,+6,-9,-1
LHF +0,+0,-7,-2
PHF -9,+1,+3,-3

ROOT 5681
UHF -7,+6,-9,-1
LHF +0,+0,-7,-2
PHF -9,+1,+3,-3

ROOT 5210
UHF -7,+6,-9,-1
LHF +0,+0,-7,-2
PHF -9,+1,+3,-3

ROOT 8153
UHF -7,+6,-9,-1
LHF +0,+0,-7,-2
PHF -9,+1,+3,-3

ROOT 7852
UHF -7,+6,-9,-1
LHF +0,+0,-7,-2
PHF -9,+1,+3,-3

ROOT 0500
UHF -7,+6,-9,-1
LHF +0,+0,-7,-2
PHF -9,+1,+3,-3

ROOT 1147
UHF -7,+6,-9,-1
LHF +0,+0,-7,-2
PHF -9,+1,+3,-3

ROOT 2694
UHF -7,+6,-9,-1
LHF +0,+0,-7,-2
PHF -9,+1,+3,-3

ROOT 9632
UHF -7,+6,-9,-1
LHF +0,+0,-7,-2
PHF -9,+1,+3,-3

ROOT 9733
UHF -7,+6,-9,-1
LHF +0,+0,-7,-2
PHF -9,+1,+3,-3

ROOT 7746
UHF -7,+6,-9,-1
LHF +0,+0,-7,-2
PHF -9,+1,+3,-3

ROOT 7860
UHF -7,+6,-9,-1
LHF +0,+0,-7,-2
PHF -9,+1,+3,-3

ROOT 3654
UHF -7,+6,-9,-1
LHF +0,+0,-7,-2
PHF -9,+1,+3,-3

ROOT 7743
UHF -7,+6,-9,-1
LHF +0,+0,-7,-2
PHF -9,+1,+3,-3

ROOT 6404
UHF -7,+6,-9,-1
LHF +0,+0,-7,-2
PHF -9,+1,+3,-3

ROOT 0619
UHF -7,+6,-9,-1
LHF +0,+0,-7,-2
PHF -9,+1,+3,-3

ROOT 5284
UHF -7,+6,-9,-1
LHF +0,+0,-7,-2
PHF -9,+1,+3,-3

ROOT 1582
UHF -7,+6,-9,-1
LHF +0,+0,-7,-2
PHF -9,+1,+3,-3

ROOT 9231
UHF -7,+6,-9,-1
LHF +0,+0,-7,-2
PHF -9,+1,+3,-3

ROOT 6419
UHF -7,+6,-9,-1
LHF +0,+0,-7,-2
PHF -9,+1,+3,-3

ROOT 5882
UHF -7,+6,-9,-1
LHF +0,+0,-7,-2
PHF -9,+1,+3,-3

ROOT 1843
UHF -7,+6,-9,-1
LHF +0,+0,-7,-2
PHF -9,+1,+3,-3

ROOT 5798
UHF -7,+6,-9,-1
LHF +0,+0,-7,-2
PHF -9,+1,+3,-3

ROOT 3303
UHF -7,+6,-9,-1
LHF +0,+0,-7,-2
PHF -9,+1,+3,-3

ROOT 8930
UHF -7,+6,-9,-1
LHF +0,+0,-7,-2
PHF -9,+1,+3,-3

ROOT 0613
UHF -7,+6,-9,-1
LHF +0,+0,-7,-2
PHF -9,+1,+3,-3

ROOT 7530
UHF -7,+6,-9,-1
LHF +0,+0,-7,-2
PHF -9,+1,+3,-3

ROOT 8269
UHF -7,+6,-9,-1
LHF +0,+0,-7,-2
PHF -9,+1,+3,-3

ROOT 0013
UHF -7,+6,-9,-1
LHF +0,+0,-7,-2
PHF -9,+1,+3,-3

ROOT 1588
UHF -7,+6,-9,-1
LHF +0,+0,-7,-2
PHF -9,+1,+3,-3

ROOT 5577
UHF -7,+6,-9,-1
LHF +0,+0,-7,-2
PHF -9,+1,+3,-3

ROOT 5972
UHF -7,+6,-9,-1
LHF +0,+0,-7,-2
PHF -9,+1,+3,-3

ROOT 1178
UHF -7,+6,-9,-1
LHF +0,+0,-7,-2
PHF -9,+1,+3,-3

ROOT 2061
UHF -7,+6,-9,-1
LHF +0,+0,-7,-2
PHF -9,+1,+3,-3

ROOT 2772
UHF -7,+6,-9,-1
LHF +0,+0,-7,-2
PHF -9,+1,+3,-3

ROOT 0944
UHF -7,+6,-9,-1
LHF +0,+0,-7,-2
PHF -9,+1,+3,-3

ROOT 5562
UHF -7,+6,-9,-1
LHF +0,+0,-7,-2
PHF -9,+1,+3,-3

ROOT 9168
UHF -7,+6,-9,-1
LHF +0,+0,-7,-2
PHF -9,+1,+3,-3

ROOT 7448
UHF -7,+6,-9,-1
LHF +0,+0,-7,-2
PHF -9,+1,+3,-3

ROOT 5916
UHF -7,+6,-9,-1
LHF +0,+0,-7,-2
PHF -9,+1,+3,-3

ROOT 6036
UHF -7,+6,-9,-1
LHF +0,+0,-7,-2
PHF -9,+1,+3,-3

ROOT 7024
UHF -7,+6,-9,-1
LHF +0,+0,-7,-2
PHF -9,+1,+3,-3

ROOT 7399
UHF -7,+6,-9,-1
LHF +0,+0,-7,-2
PHF -9,+1,+3,-3

ROOT 3558
UHF -7,+6,-9,-1
LHF +0,+0,-7,-2
PHF -9,+1,+3,-3

ROOT 9547
UHF -7,+6,-9,-1
LHF +0,+0,-7,-2
PHF -9,+1,+3,-3

